0.527381420135498,0
0.5360119342803955,0
0.5451624393463135,0
0.5536036491394043,0
0.5595786571502686,0
0.5688412189483643,0
0.573204755783081,0
0.5782346725463867,0
0.5824723243713379,0
0.5870106220245361,0
0.593012809753418,0
0.6017279624938965,0
0.6068332195281982,0
0.6156089305877686,0
0.620464563369751,0
0.6265461444854736,0
0.6346991062164307,0
0.6402215957641602,0
0.6489505767822266,0
0.6543338298797607,0
0.6601879596710205,0
0.6658670902252197,0
0.670813798904419,0
0.6795928478240967,0
0.6856412887573242,0
0.692192792892456,0
0.7008447647094727,0
0.7063412666320801,0
0.7164907455444336,0
0.7222070693969727,0
0.728344202041626,0
0.7340114116668701,0
0.7405779361724854,0
0.7498703002929688,0
0.7557907104492188,0
0.7618989944458008,0
0.7687129974365234,0
0.7756466865539551,0
0.7841377258300781,0
0.7900352478027344,0
0.8011422157287598,0
0.8107311725616455,0
0.8226206302642822,0
0.8315727710723877,0
0.8370163440704346,0
0.8436245918273926,0
0.8493795394897461,0
0.854870080947876,0
0.8642468452453613,0
0.8706009387969971,0
0.8805911540985107,0
0.8875548839569092,0
0.8969986438751221,0
0.9026224613189697,0
0.9090886116027832,0
0.9157047271728516,0
0.9214611053466797,0
0.9285969734191895,0
0.9346184730529785,0
0.9420928955078125,0
0.9514484405517578,0
0.9585144519805908,0
0.9681949615478516,0
0.9752352237701416,0
0.9819366931915283,0
0.9877529144287109,0
1.000077724456787,0
1.0074939727783203,0
1.0173356533050537,0
1.024170160293579,0
1.0313076972961426,0
1.037463903427124,0
1.0487890243530273,0
1.0555298328399658,0
1.066499948501587,0
1.0750246047973633,0
1.0843377113342285,0
1.0916526317596436,0
1.0987071990966797,0
1.1054036617279053,0
1.116297960281372,0
1.1234803199768066,0
1.1319494247436523,0
1.139326572418213,0
1.1520588397979736,0
1.1611058712005615,0
1.1692407131195068,0
1.1864218711853027,0
1.200979232788086,0
1.2115771770477295,0
1.2198660373687744,0
1.2332980632781982,0
1.2418491840362549,0
1.2503657341003418,0
1.2612042427062988,0
1.2705776691436768,0
1.284358263015747,0
1.2966482639312744,0
1.3058338165283203,0
1.3145580291748047,0
1.3227801322937012,0
1.3316655158996582,0
1.3407409191131592,0
1.3521575927734375,0
1.3659718036651611,0
1.3769967555999756,0
1.3895714282989502,0
1.3991589546203613,0
1.4120066165924072,0
1.4212937355041504,0
1.4315698146820068,0
1.4423539638519287,0
1.4555559158325195,0
1.4658126831054688,0
1.477100133895874,0
1.4918625354766846,0
1.504007339477539,0
1.5187366008758545,0
1.5329389572143555,0
1.5440683364868164,0
1.5544452667236328,0
1.57041597366333,0
1.5835661888122559,0
1.5992650985717773,0
1.613335371017456,0
1.6236510276794434,0
1.6346325874328613,0
1.6496860980987549,0
1.6610620021820068,0
1.6713721752166748,0
1.689131259918213,0
1.7034714221954346,0
1.7197928428649902,0
1.7341647148132324,0
1.749049425125122,0
1.7603497505187988,0
1.7708661556243896,0
1.7869057655334473,0
1.8052194118499756,0
1.817206859588623,0
1.829371690750122,0
1.8453009128570557,0
1.8611037731170654,0
1.8751139640808105,0
1.891385555267334,0
1.9061715602874756,0
1.9221818447113037,0
1.9383673667907715,0
1.957106590270996,0
1.9712824821472168,0
1.9899582862854004,0
2.008864641189575,0
2.02675461769104,0
2.0453319549560547,0
2.0607335567474365,0
2.08512282371521,0
2.106194019317627,0
2.1260080337524414,0
2.14554500579834,0
2.165088653564453,0
2.184199810028076,0
2.2043213844299316,0
2.220320463180542,0
2.2384753227233887,0
2.2649645805358887,0
2.2865092754364014,0
2.3061752319335938,0
2.3278093338012695,0
2.3503334522247314,0
2.3736441135406494,0
2.3957910537719727,0
2.4193034172058105,0
2.440243721008301,0
2.4642186164855957,0
2.487943172454834,0
2.515052080154419,0
2.5373756885528564,0
2.56314754486084,0
2.5872421264648438,0
2.615748882293701,0
2.6437315940856934,0
2.670045852661133,0
2.694190740585327,0
2.725100040435791,0
2.753643274307251,0
2.7767064571380615,0
2.802720069885254,0
2.8257863521575928,0
2.8508460521698,0
2.8809282779693604,0
2.9076242446899414,0
2.936384677886963,0
2.9658117294311523,0
2.995302438735962,0
3.0226328372955322,0
3.048426866531372,0
3.0801053047180176,0
3.103902816772461,0
3.133729934692383,0
3.164956569671631,0
3.1919515132904053,0
3.225782632827759,0
3.2562825679779053,0
3.287449836730957,0
3.3172359466552734,0
3.3484833240509033,0
3.375974416732788,0
3.4085919857025146,0
3.441645860671997,0
3.47080397605896,0
3.504365921020508,0
3.544144630432129,0
3.5785837173461914,0
3.609135866165161,0
3.6391427516937256,0
3.6788430213928223,0
3.7081410884857178,0
3.744213104248047,0
3.7797257900238037,0
3.8104681968688965,0
3.83862566947937,0
3.8718316555023193,0
3.903982639312744,0
3.937446117401123,0
3.971355438232422,0
4.004539251327515,0
4.04025411605835,0
4.08231782913208,0
4.116114139556885,0
4.149792671203613,0
4.1869213581085205,0
4.220506429672241,0
4.255499839782715,0
4.295642852783203,0
4.330948352813721,0
4.36827826499939,0
4.407320499420166,0
4.441693544387817,0
4.48552680015564,0
4.524977684020996,0
4.568564176559448,0
4.609930753707886,0
4.64741587638855,0
4.692737579345703,0
4.729610204696655,0
4.774266481399536,0
4.815265655517578,0
4.852670431137085,0
4.896654844284058,0
4.930664300918579,0
4.980022430419922,0
5.0203938484191895,0
5.064879655838013,0
5.114105463027954,1
5.165445804595947,1
5.208983898162842,1
5.253687858581543,1
5.301973342895508,1
5.349234580993652,1
5.397010564804077,1
5.44385552406311,1
5.487282037734985,1
5.531580448150635,1
5.581902980804443,1
5.622870922088623,2
5.666781663894653,3
5.712018013000488,4
5.755115032196045,5
5.804006099700928,5
5.846606254577637,5
5.897033452987671,5
5.940810203552246,5
5.985699415206909,6
6.030900478363037,6
6.071769952774048,6
6.118980884552002,6
6.162548303604126,6
6.202701568603516,7
6.246575117111206,10
6.293169975280762,10
6.352484703063965,10
6.393070697784424,10
6.433336973190308,11
6.482650279998779,11
6.52473783493042,12
6.566980361938477,12
6.6126179695129395,12
6.663301944732666,13
6.707524061203003,14
6.751886367797852,14
6.796262264251709,14
6.850104570388794,14
6.891644716262817,15
6.935652494430542,16
6.978821277618408,17
7.023001194000244,17
7.065791845321655,17
7.112684488296509,17
7.154719352722168,18
7.232362747192383,18
7.289163827896118,21
7.326443910598755,23
7.368812561035156,23
7.4089274406433105,25
7.445698976516724,26
7.485986948013306,27
7.527116775512695,27
7.563675880432129,28
7.598828554153442,28
7.636054039001465,28
7.671942472457886,29
7.711178779602051,30
7.757784128189087,30
7.827192783355713,30
7.904981851577759,30
7.953742980957031,30
8.025830507278442,32
8.078225374221802,34
8.124659299850464,34
8.19986367225647,36
8.288864374160767,37
8.373976230621338,39
8.416254758834839,39
8.46370267868042,41
8.502483606338501,41
8.553269624710083,41
8.625889539718628,41
8.686710119247437,41
8.749907732009888,42
8.807005643844604,42
8.85279631614685,42
8.89814043045044,43
8.945287704467773,43
8.986192464828491,43
9.033160209655762,45
9.099323272705078,46
9.154455184936523,46
9.199714422225952,47
9.23897910118103,47
9.282557725906372,47
9.322144031524658,49
9.364292860031128,49
9.428107023239136,49
9.50573182106018,49
9.56718111038208,49
9.609780073165894,51
9.680116176605225,51
9.775023460388184,52
9.8401780128479,54
9.902543067932129,54
9.975045680999756,54
10.051626920700073,55
10.109908103942871,55
10.15363359451294,55
10.215300559997559,56
10.263702392578125,56
10.303691864013672,57
10.392929553985596,57
10.46058201789856,57
10.514620780944824,57
10.558366060256958,61
10.59916090965271,61
10.661228895187378,61
10.71610426902771,62
10.808749675750732,63
10.88549542427063,64
10.948120832443237,65
11.008861780166626,66
11.065187215805054,66
11.123464584350586,66
11.17339563369751,67
11.209919691085815,67
11.27098298072815,69
11.333738088607788,70
11.403103828430176,70
11.444534063339233,70
11.476743221282959,70
11.510653495788574,71
11.549022436141968,72
11.586402416229248,72
11.626939535140991,72
11.663763761520386,72
11.698990106582642,72
11.74006962776184,74
11.77588438987732,75
11.814913749694824,75
11.857563257217407,76
11.891228914260864,76
11.932566404342651,76
11.972893714904785,76
12.01604676246643,76
12.049425840377808,77
12.09126353263855,77
12.126701354980469,77
12.165374994277954,78
12.203174352645874,78
12.238009452819824,78
12.270229816436768,78
12.300565004348755,78
12.337249517440796,80
12.370666027069092,80
12.412120819091797,80
12.4461510181427,80
12.479710340499878,80
12.513974666595459,81
12.551478385925293,81
12.59782338142395,81
12.633856058120728,81
12.668698072433472,82
12.713772058486938,82
12.749990463256836,83
12.791914224624634,87
12.824564218521118,89
12.859941005706787,89
12.89479112625122,89
12.933743476867676,90
12.968611478805542,90
13.011341094970703,90
13.051727056503296,90
13.087603092193604,91
13.126399993896484,91
13.162747383117676,92
13.200069665908813,93
13.23326587677002,93
13.275603532791138,93
13.311881303787231,93
13.347968101501465,93
13.388079643249512,93
13.430224418640137,94
13.46420669555664,96
13.499117136001587,99
13.5408194065094,99
13.580801963806152,99
13.61420226097107,99
13.656591415405273,99
13.692578554153442,99
13.731289863586426,99
13.766342639923096,100
13.811413049697876,100
13.847260236740112,102
13.886224031448364,102
13.928766250610352,102
13.970139741897583,102
14.01969051361084,102
14.058964967727661,103
14.102862358093262,105
14.141077995300293,105
14.179190635681152,106
14.223851680755615,106
14.266467094421387,106
14.308725357055664,108
14.347081184387207,108
14.38566279411316,111
14.429448366165161,111
14.473140478134155,111
14.515611171722412,111
14.555498600006104,111
14.602447986602783,111
14.648232460021973,112
14.689010858535767,113
14.732950925827026,113
14.779144763946533,113
14.817023038864136,114
14.854149341583252,115
14.897218704223633,115
14.938505172729492,115
14.980779886245728,115
15.028073787689209,115
15.06656002998352,115
15.109950542449951,115
15.152222871780396,115
15.196990251541138,115
15.24302887916565,115
15.292885541915894,115
15.346831321716309,116
15.393747091293335,116
15.438965082168579,117
15.481536865234375,117
15.559273481369019,117
15.609103679656982,117
15.655749797821045,117
15.700807332992554,117
15.745350360870361,117
15.78981614112854,118
15.837778806686401,118
15.886537790298462,119
15.933022499084473,120
15.980490922927856,120
16.026891469955444,120
16.075084924697876,120
16.122776746749878,120
16.173794507980347,120
16.215545415878296,120
16.27207088470459,121
16.32040762901306,122
16.369369745254517,122
16.416219472885132,122
16.46549677848816,123
16.51558542251587,123
16.56409001350403,123
16.61203408241272,123
16.66047215461731,123
16.705827713012695,124
16.75806474685669,125
16.80730676651001,125
16.860114097595215,125
16.91525387763977,125
16.963396310806274,125
17.01322865486145,126
17.05881404876709,126
17.10239863395691,126
17.151010036468506,126
17.20155668258667,126
17.253239154815674,126
17.301817655563354,126
17.34758710861206,126
17.394959211349487,127
17.440973043441772,128
17.48580503463745,129
17.528052806854248,130
17.574679374694824,130
17.61890959739685,130
17.668796062469482,132
17.710310697555542,136
17.754840850830078,136
17.810569286346436,136
17.851155757904053,138
17.893512725830078,138
17.942609310150146,138
18.013265371322632,140
18.076727151870728,142
18.13148784637451,142
18.176350355148315,144
18.229432106018066,145
18.271668434143066,145
18.33111071586609,145
18.38017177581787,145
18.423444986343384,146
18.462515354156494,147
18.496106147766113,147
18.535260438919067,148
18.57346534729004,148
18.612085819244385,151
18.647332668304443,151
18.688770055770874,151
18.72779083251953,151
18.762259483337402,151
18.802272081375122,151
18.837592363357544,153
18.876451015472412,153
18.91310429573059,153
18.94766664505005,154
18.984947204589844,155
19.03057599067688,155
19.06249475479126,156
19.09821915626526,156
19.13813591003418,156
19.178135633468628,156
19.211569786071777,157
19.2502863407135,158
19.282511949539185,158
19.31905722618103,159
19.355807304382324,159
19.392240285873413,160
19.432641744613647,160
19.467310428619385,161
19.502710342407227,162
19.539050817489624,162
19.57535982131958,163
19.605679273605347,164
19.648208618164062,165
19.680123567581177,165
19.714534997940063,165
19.77098774909973,165
19.801445960998535,167
19.835731267929077,167
19.87316608428955,167
19.91204047203064,168
19.9513041973114,168
19.99119782447815,168
20.02443814277649,170
20.06248450279236,170
20.097651481628418,170
20.130727767944336,170
20.16546893119812,171
20.199597597122192,172
20.239456176757812,174
20.273364543914795,175
20.3033230304718,175
20.341442823410034,175
20.37021255493164,176
20.406152963638306,176
20.442638397216797,177
20.474460124969482,177
20.505430936813354,177
20.542452573776245,178
20.574711561203003,179
20.612516164779663,180
20.647531270980835,180
20.67685866355896,181
20.709168434143066,181
20.73623561859131,181
20.77033519744873,181
20.79988431930542,181
20.83275580406189,181
20.86578130722046,181
20.899057149887085,182
20.931493043899536,182
20.961660146713257,182
20.993288040161133,183
21.026562929153442,183
21.056946516036987,183
21.085618495941162,183
21.118480682373047,183
21.15150475502014,183
21.17806100845337,184
21.212753295898438,184
21.243314504623413,184
21.279888153076172,185
21.315572261810303,185
21.34740972518921,187
21.38292360305786,187
21.413179636001587,188
21.448460340499878,188
21.48125123977661,188
21.511693716049194,188
21.550567150115967,188
21.585975170135498,189
21.619940996170044,190
21.65293860435486,190
21.682883977890015,190
21.71420407295227,191
21.743093252182007,192
21.775449991226196,193
21.804593801498413,193
21.8346209526062,193
21.86374306678772,193
21.889546871185303,194
21.919904232025146,195
21.95199751853943,195
21.982020378112793,195
22.009196281433105,195
22.040258646011353,196
22.06732487678528,196
22.095503330230713,197
22.123189449310303,197
22.14985990524292,197
22.177048206329346,198
22.209870100021362,198
22.240511178970337,198
22.267444849014282,198
22.293516874313354,198
22.324920415878296,198
22.35184669494629,198
22.38310980796814,198
22.409456729888916,198
22.44097876548767,198
22.463917016983032,198
22.495182991027832,198
22.520485639572144,198
22.54594612121582,198
22.57593822479248,198
22.603383779525757,198
22.62981867790222,198
22.65979766845703,198
22.68699550628662,198
22.71275234222412,198
22.74273180961609,199
22.76346707344055,201
22.78687572479248,201
22.814356565475464,201
22.844582319259644,201
22.873642206192017,201
22.90371537208557,201
22.953091859817505,201
23.01688027381897,201
23.050395965576172,201
23.078673839569092,201
23.100295782089233,201
23.13077735900879,202
23.15754723548889,202
23.181610584259033,202
23.21018147468567,203
23.23237442970276,203
23.260043382644653,203
23.284868478775024,203
23.310850143432617,203
23.337696313858032,203
23.375890016555786,203
23.399524927139282,203
23.424133777618408,203
23.456589937210083,203
23.47719430923462,203
23.498044967651367,203
23.52791953086853,203
23.550220489501953,203
23.578216075897217,204
23.603551149368286,204
23.643003225326538,205
23.692543983459473,206
23.71491837501526,207
23.74140453338623,207
23.76071810722351,208
23.78827428817749,208
23.807522535324097,208
23.829872608184814,208
23.856123685836792,208
23.877584218978882,208
23.896256923675537,208
23.91985535621643,208
23.943576335906982,209
23.96310067176819,210
23.98807144165039,210
24.014167308807373,210
24.034270524978638,210
24.060497522354126,210
24.082276821136475,210
24.100577116012573,210
24.126728057861328,211
24.147342920303345,212
24.16444420814514,212
24.1838960647583,212
24.2076358795166,212
24.227335929870605,212
24.24822974205017,212
24.27207851409912,212
24.28989028930664,212
24.31039047241211,212
24.329889059066772,212
24.35023784637451,213
24.367582321166992,213
24.390227794647217,213
24.41159439086914,213
24.43321418762207,214
24.455186128616333,214
24.47623038291931,214
24.497339725494385,214
24.520414352416992,214
24.537397623062134,215
24.558010578155518,216
24.576972723007202,216
24.60228657722473,216
24.62190532684326,216
24.640236139297485,216
24.662159204483032,216
24.68070149421692,217
24.7018883228302,218
24.723135232925415,218
24.742366075515747,218
24.76118230819702,218
24.776138305664062,218
24.795969486236572,218
24.816433429718018,218
24.834885597229004,218
24.855530738830566,219
24.874667167663574,219
24.894598245620728,219
24.91220188140869,219
24.92985701560974,219
24.947250843048096,219
24.965972900390625,220
24.97991156578064,220
25.00229525566101,220
25.023373126983643,220
25.03936243057251,220
25.057929515838623,220
25.07642388343811,220
25.095230102539062,220
25.111871242523193,220
25.12968349456787,220
25.146851062774658,221
25.162139654159546,221
25.17685103416443,221
25.193658113479614,221
25.213014841079712,223
25.229131937026978,223
25.245789766311646,223
25.27057647705078,224
25.28402090072632,224
25.29668164253235,224
25.31456470489502,224
25.330798625946045,225
25.346094608306885,226
25.358165740966797,226
25.370033502578735,226
25.381375074386597,226
25.396824836730957,226
25.41353750228882,226
25.43088722229004,226
25.444555044174194,226
25.461588382720947,226
25.478721141815186,226
25.495294094085693,226
25.507760524749756,226
25.525566816329956,226
25.541016578674316,226
25.55587863922119,227
25.56721544265747,227
25.57906699180603,227
25.59432315826416,227
25.61042070388794,227
25.62338161468506,227
25.63825297355652,227
25.652094841003418,227
25.666693210601807,227
25.677812099456787,227
25.689117670059204,227
25.702086210250854,227
25.719086408615112,227
25.73316717147827,227
25.745604276657104,227
25.76041555404663,227
25.775019645690918,227
25.790046215057373,227
25.805747985839844,227
25.818695545196533,227
25.83171272277832,227
25.848410844802856,228
25.86715841293335,228
25.882686614990234,228
25.89530301094055,228
25.910490036010742,228
25.927350997924805,228
25.942652702331543,229
25.954281330108643,229
25.965384483337402,229
25.97670269012451,229
25.991732597351074,229
26.007750034332275,229
26.022785663604736,229
26.037297248840332,229
26.049590349197388,229
26.064099550247192,229
26.079136848449707,229
26.092585563659668,229
26.106300115585327,229
26.122621774673462,229
26.13581371307373,229
26.149128198623657,229
26.16215944290161,229
26.172579288482666,229
26.18850064277649,229
26.198084115982056,230
26.213132619857788,230
26.223212003707886,231
26.234360218048096,232
26.245723724365234,232
26.258904695510864,232
26.270657300949097,232
26.280147790908813,232
26.298192024230957,232
26.31338334083557,232
26.327184438705444,232
26.34127402305603,232
26.350167512893677,232
26.363292455673218,232
26.375149965286255,232
26.38823103904724,232
26.39690351486206,232
26.41162610054016,232
26.420881271362305,232
26.42902946472168,232
26.447592973709106,232
26.469493865966797,232
26.481507539749146,232
26.490929126739502,232
26.5008385181427,232
26.514738082885742,232
26.527193546295166,232
26.53601574897766,232
26.544249296188354,232
26.55579662322998,233
26.563356161117554,233
26.575082063674927,233
26.58406710624695,233
26.59513258934021,233
26.60483717918396,233
26.61284327507019,233
26.624680042266846,233
26.643611907958984,233
26.657588720321655,233
26.666651248931885,233
26.677892923355103,233
26.690783977508545,233
26.699392080307007,233
26.71073007583618,233
26.723878145217896,233
26.733532667160034,233
26.74499821662903,233
26.754781007766724,233
26.762373208999634,233
26.7707576751709,234
26.778775453567505,234
26.790784120559692,234
26.800100088119507,234
26.812581777572632,234
26.823590993881226,234
26.831656217575073,234
26.839802503585815,234
26.848554611206055,234
26.86322593688965,234
26.875553131103516,234
26.88839316368103,234
26.89875292778015,234
26.91109824180603,234
26.921795129776,234
26.930004119873047,234
26.940951347351074,234
26.950766563415527,234
26.96387004852295,234
26.97365665435791,234
26.983242988586426,234
26.993783712387085,234
27.005523920059204,234
27.015743255615234,234
27.02835464477539,234
27.037001609802246,234
27.044702529907227,234
27.05950117111206,234
27.073720693588257,234
27.092613697052002,234
27.10054349899292,234
27.108633756637573,234
27.118021965026855,234
27.127872228622437,234
27.14084219932556,234
27.149237394332886,234
27.160913705825806,234
27.17302680015564,234
27.181123971939087,234
27.189202785491943,234
27.197941064834595,234
27.219850063323975,234
27.24185037612915,234
27.26571798324585,234
27.276369333267212,235
27.28430151939392,235
27.291486978530884,235
27.30107831954956,235
27.310264825820923,235
27.321744680404663,235
27.329103469848633,235
27.336931943893433,235
27.344234466552734,235
27.355620861053467,235
27.36314368247986,235
27.371376514434814,235
27.379805326461792,235
27.39055824279785,235
27.399162769317627,235
27.411293268203735,235
27.422684907913208,235
27.43004846572876,235
27.441254377365112,235
27.449737548828125,235
27.459925889968872,235
27.46804690361023,235
27.4758403301239,235
27.48361825942993,235
27.492602586746216,235
27.503861904144287,235
27.51223373413086,235
27.52638077735901,235
27.535991191864014,235
27.546403884887695,235
27.555530309677124,235
27.56283450126648,235
27.57080078125,235
27.5782790184021,235
27.590274333953857,235
27.597745656967163,235
27.609192848205566,235
27.616691827774048,235
27.624562978744507,235
27.63262701034546,235
27.643239498138428,235
27.654706478118896,235
27.66192126274109,235
27.670072078704834,235
27.67718815803528,235
27.688825607299805,235
27.696274042129517,235
27.70731210708618,235
27.715688228607178,235
27.72610831260681,235
27.734828233718872,235
27.74191403388977,235
27.75355553627014,235
27.760782480239868,235
27.76963710784912,235
27.77671527862549,235
27.789780616760254,235
27.800349473953247,235
27.81160855293274,235
27.824703216552734,235
27.8386709690094,235
27.85677480697632,235
27.87602734565735,235
27.898332595825195,235
27.918112993240356,235
27.93605661392212,236
27.952988624572754,236
27.96269130706787,236
27.974663496017456,236
27.98406434059143,236
28.00047278404236,236
28.011836051940918,236
28.023178815841675,236
28.031667232513428,236
28.042185306549072,236
28.049835443496704,236
28.057474613189697,236
28.06465792655945,236
28.075759649276733,236
28.082980155944824,236
28.090809106826782,236
28.105709314346313,236
28.123878717422485,236
28.14022135734558,236
28.158145427703857,236
28.16973328590393,236
28.191102743148804,237
28.210578680038452,237
28.228789567947388,237
28.249868869781494,237
28.269348859786987,237
28.28992509841919,237
28.305867433547974,237
28.328787565231323,237
28.34422993659973,237
28.356664180755615,237
28.369864225387573,237
28.396498680114746,237
28.408894300460815,237
28.425857067108154,237
28.44008231163025,237
28.457018852233887,237
28.46806311607361,237
28.47724151611328,237
28.48834753036499,237
28.495880603790283,237
28.51294255256653,237
28.53133797645569,237
28.545465230941772,237
28.558733701705933,237
28.574246644973755,237
28.5872004032135,237
28.597782373428345,237
28.61575436592102,237
28.636457681655884,237
28.655473709106445,237
28.666405200958252,237
28.67647624015808,237
28.692217588424683,237
28.708310842514038,237
28.722628593444824,237
28.737584114074707,237
28.758074522018433,237
28.771655321121216,237
28.79059338569641,237
28.809443950653076,237
28.820546627044678,237
28.83361291885376,237
28.847579956054688,237
28.865946531295776,237
28.890562534332275,237
28.907158136367798,237
28.919886350631714,237
28.93059492111206,237
28.939208507537842,237
28.952768325805664,237
28.961989879608154,237
28.971344232559204,237
28.979586362838745,237
28.991888523101807,237
29.002384901046753,237
29.01762819290161,237
29.027869939804077,237
29.041172742843628,237
29.05196475982666,237
29.0629141330719,237
29.08011794090271,237
29.09961748123169,237
29.115759134292603,237
29.127926349639893,237
29.136403799057007,237
29.14629578590393,237
29.154539823532104,237
29.16153383255005,237
29.169169187545776,237
29.176039695739746,237
29.185256004333496,237
29.196149110794067,237
29.209726810455322,237
29.218159437179565,237
29.226481437683105,237
29.23455810546875,237
29.241596221923828,237
29.25378942489624,237
29.26923179626465,237
29.276707887649536,237
29.28774380683899,237
29.298133611679077,237
29.306532382965088,237
29.314531564712524,237
29.324403047561646,237
29.333963871002197,237
29.34406805038452,237
29.352311611175537,238
29.358825206756592,238
29.36607336997986,239
29.376935958862305,239
29.383899927139282,239
29.391934156417847,239
29.409912586212158,239
29.424762964248657,239
29.43832516670227,239
29.453338146209717,239
29.468716382980347,239
29.48218059539795,239
29.497867822647095,239
29.509225368499756,239
29.527021408081055,239
29.54488730430603,239
29.562804698944092,239
29.572923183441162,239
29.58557105064392,239
29.59727168083191,239
29.608965635299683,239
29.61928081512451,239
29.62624168395996,239
29.638136386871338,239
29.649681568145752,239
29.669498682022095,239
29.68316078186035,239
29.693490505218506,239
29.70856261253357,239
29.717872142791748,239
29.731629610061646,239
29.749117136001587,239
29.771419525146484,239
29.783817052841187,239
29.791409015655518,239
29.803693056106567,239
29.81389594078064,239
29.82955288887024,239
29.851173877716064,239
29.871896028518677,239
29.88936161994934,239
29.906195878982544,239
29.931713342666626,239
29.94765281677246,239
29.966533660888672,239
29.990658044815063,239
30.004024982452393,239
30.01939105987549,240
30.036956071853638,240
30.05572772026062,240
30.069132804870605,240
30.080606937408447,240
30.103446006774902,240
30.123969078063965,240
30.142545223236084,240
30.154349088668823,240
30.173303842544556,240
30.18122887611389,240
30.196518898010254,240
30.21109962463379,240
30.219608068466187,240
30.22629404067993,240
30.239368677139282,240
30.248498678207397,240
30.260643482208252,240
30.278491973876953,240
30.290705919265747,240
30.30368208885193,240
30.317989349365234,240
30.33399796485901,240
30.356432914733887,240
30.37549138069153,240
30.391062021255493,240
30.410656213760376,240
30.431270599365234,240
30.45035719871521,240
30.46754264831543,240
30.484029293060303,240
30.49935245513916,240
30.51018762588501,240
30.54802632331848,240
30.564252376556396,240
30.580861806869507,240
30.595592260360718,240
30.60880708694458,240
30.623034238815308,240
30.642183542251587,240
30.667226791381836,240
30.69088840484619,240
30.70547914505005,240
30.719618797302246,240
30.735363721847534,240
30.754016637802124,240
30.77268099784851,240
30.787774801254272,240
30.802189826965332,240
30.816709518432617,240
30.835429191589355,240
30.85377860069275,240
30.871272563934326,240
30.88861393928528,240
30.90659213066101,240
30.92237877845764,240
30.931233882904053,240
30.950512409210205,240
30.97144103050232,240
30.991231441497803,240
31.007492303848267,240
31.017250776290894,240
31.039761543273926,240
31.056947708129883,240
31.06592059135437,240
31.073734760284424,240
31.08070707321167,240
31.096328496932983,240
31.114153385162354,240
31.124990701675415,240
31.13964009284973,240
31.15708327293396,240
31.165175914764404,240
31.17718482017517,240
31.192420482635498,240
31.203035593032837,240
31.217827320098877,240
31.228055477142334,240
31.23616099357605,240
31.24299907684326,240
31.255597352981567,240
31.273050785064697,240
31.281108379364014,240
31.288475036621094,240
31.29599690437317,240
31.31124520301819,240
31.324225187301636,240
31.335867166519165,240
31.355328798294067,240
31.371368885040283,240
31.38187837600708,241
31.394196033477783,241
31.40639328956604,241
31.421245336532593,241
31.428012371063232,241
31.44177508354187,241
31.448686838150024,241
31.45832371711731,241
31.471668243408203,241
31.47829031944275,241
31.48978042602539,241
31.49714469909668,241
31.508705377578735,241
31.51579737663269,241
31.523655652999878,241
31.52989387512207,241
31.541635751724243,241
31.548389196395874,241
31.560669422149658,241
31.57550811767578,241
31.582149744033813,241
31.588655471801758,241
31.594679832458496,241
31.605127334594727,241
31.611635208129883,241
31.625132083892822,241
31.63380718231201,241
31.643129348754883,241
31.68511462211609,241
31.703160285949707,241
31.713943243026733,241
31.72416925430298,242
31.7412006855011,242
31.75638747215271,242
31.768615245819092,242
31.782744884490967,242
31.79436993598938,242
31.800248622894287,242
31.811039447784424,242
31.821938514709473,242
31.829180240631104,242
31.83967924118042,242
31.845365285873413,242
31.85946226119995,242
31.865782737731934,242
31.874447107315063,242
31.8821918964386,242
31.89255428314209,242
31.90166139602661,242
31.912701845169067,242
31.92655897140503,242
31.93302631378174,242
31.939152717590332,242
31.944488525390625,242
31.95482349395752,242
31.96051001548767,242
31.970152139663696,242
31.97599959373474,242
31.98447585105896,242
31.993606567382812,242
32.00122833251953,242
32.00683331489563,242
32.0126211643219,242
32.02254796028137,242
32.028294801712036,242
32.03795862197876,242
32.04462480545044,242
32.05583333969116,242
32.06197786331177,242
32.06955361366272,242
32.075422525405884,242
32.08447241783142,242
32.093600034713745,242
32.10214424133301,242
32.110973834991455,242
32.122668504714966,242
32.12848258018494,242
32.13921046257019,242
32.1448814868927,242
32.15685844421387,242
32.16306781768799,242
32.169880867004395,242
32.175753593444824,242
32.18277597427368,242
32.193175315856934,242
32.204020738601685,242
32.2096471786499,242
32.220110177993774,242
32.226983070373535,242
32.235519886016846,242
32.24387502670288,242
32.250718116760254,242
32.256256103515625,242
32.26215600967407,242
32.26826620101929,242
32.27388119697571,242
32.279813289642334,242
32.28911995887756,242
32.29745888710022,242
32.308151721954346,242
32.31418251991272,242
32.325140714645386,242
32.33159327507019,242
32.338109731674194,242
32.34402370452881,242
32.350738286972046,242
32.356725454330444,242
32.36293816566467,242
32.37346935272217,242
32.38006520271301,242
32.39023542404175,242
32.39770007133484,242
32.40817856788635,242
32.41435885429382,242
32.422072887420654,242
32.42747926712036,242
32.434051275253296,242
32.43964385986328,242
32.44503426551819,242
32.45653247833252,242
32.4625825881958,242
32.47310471534729,242
32.479403018951416,242
32.49045729637146,242
32.49743437767029,242
32.504196643829346,242
32.509649991989136,242
32.51544141769409,242
32.52312088012695,242
32.528732776641846,242
32.54118466377258,242
32.54839301109314,242
32.55799674987793,242
32.56387710571289,242
32.57008099555969,242
32.57638740539551,242
32.585134983062744,242
32.592331886291504,242
32.60263919830322,242
32.61140465736389,242
32.62175703048706,242
32.62733697891235,242
32.635807037353516,242
32.644484996795654,242
32.65075325965881,242
32.65642809867859,242
32.66196608543396,242
32.66823887825012,242
32.6743688583374,242
32.682743072509766,242
32.69149327278137,242
32.69856333732605,242
32.710604667663574,242
32.721572160720825,242
32.729363679885864,242
32.73619341850281,242
32.742429971694946,242
32.753079414367676,242
32.76134157180786,242
32.76832056045532,242
32.774845600128174,242
32.7822322845459,242
32.791810274124146,242
32.80137872695923,242
32.814929485321045,242
32.82805919647217,242
32.838375091552734,242
32.84447908401489,242
32.85630750656128,242
32.86458110809326,242
32.874475955963135,242
32.88163876533508,242
32.89294791221619,242
32.90025043487549,242
32.90805387496948,242
32.91562247276306,242
32.923885345458984,242
32.932523250579834,242
32.94527220726013,242
32.95749545097351,242
32.96480417251587,242
32.975903034210205,242
32.98338961601257,242
32.990017890930176,242
32.99802255630493,242
33.009230613708496,242
33.02048301696777,242
33.02731204032898,242
33.03954195976257,242
33.04649019241333,242
33.05662202835083,242
33.06368088722229,242
33.07072186470032,242
33.07745432853699,242
33.08873271942139,242
33.09540247917175,242
33.107131004333496,242
33.11556649208069,243
33.12432527542114,243
33.13643145561218,243
33.14780139923096,243
33.15582060813904,243
33.1643271446228,243
33.17834162712097,243
33.19099712371826,243
33.20102119445801,243
33.210689544677734,243
33.21794390678406,243
33.22582006454468,243
33.23513197898865,243
33.24916315078735,243
33.260175943374634,243
33.27080988883972,243
33.27750062942505,243
33.28965377807617,243
33.29659557342529,243
33.30358028411865,243
33.31070375442505,243
33.31790494918823,243
33.326273918151855,243
33.33582520484924,243
33.345157861709595,243
33.35588264465332,243
33.36315608024597,243
33.37359285354614,243
33.380595445632935,243
33.38796353340149,243
33.39493751525879,243
33.40542697906494,243
33.41227316856384,243
33.42503499984741,243
33.436254024505615,243
33.44450283050537,243
33.45598006248474,244
33.462976932525635,244
33.472944259643555,244
33.47940969467163,244
33.48665165901184,244
33.492815256118774,244
33.500640869140625,244
33.51139283180237,244
33.51949191093445,244
33.527339935302734,244
33.53936266899109,244
33.54900646209717,244
33.563095808029175,244
33.57282733917236,244
33.581061363220215,244
33.58894371986389,244
33.59586548805237,244
33.60648703575134,244
33.6148316860199,244
33.625431299209595,244
33.63689923286438,244
33.646339416503906,244
33.65378952026367,244
33.66337323188782,244
33.67052865028381,244
33.67817425727844,244
33.690454959869385,244
33.69716954231262,244
33.70856547355652,244
33.716150999069214,244
33.722387075424194,244
33.728819847106934,244
33.74191331863403,244
33.74959111213684,244
33.760026693344116,244
33.77223229408264,244
33.77891755104065,244
33.78564953804016,244
33.79169726371765,244
33.802122354507446,244
33.81071877479553,244
33.82133340835571,244
33.82772088050842,244
33.84077835083008,244
33.85063576698303,244
33.85991811752319,244
33.86726450920105,244
33.873727560043335,244
33.883230686187744,244
33.89254808425903,244
33.90210485458374,244
33.91237545013428,244
33.92197346687317,244
33.928757667541504,244
33.94418907165527,244
33.9571259021759,244
33.96765851974487,244
33.97668957710266,244
33.984121561050415,244
33.991039991378784,244
33.99943780899048,244
34.008914947509766,244
34.01888298988342,244
34.027910232543945,244
34.0367534160614,244
34.049705505371094,244
34.05977916717529,244
34.06738018989563,244
34.07368516921997,244
34.08633732795715,244
34.09256434440613,244
34.10084939002991,244
34.110353231430054,244
34.12286925315857,244
34.13063430786133,244
34.14173865318298,244
34.152453660964966,244
34.16079115867615,244
34.171942949295044,244
34.179336071014404,244
34.189932107925415,244
34.197174310684204,244
34.20760178565979,244
34.217236280441284,244
34.22649335861206,244
34.23405599594116,244
34.24049139022827,244
34.24984788894653,244
34.26104807853699,244
34.26831912994385,244
34.275124073028564,244
34.28508114814758,244
34.29261064529419,244
34.30160117149353,244
34.31072163581848,244
34.32390332221985,244
34.33069729804993,244
34.338091135025024,244
34.344372510910034,244
34.358410120010376,244
34.3648624420166,244
34.37234950065613,244
34.37955927848816,244
34.38995814323425,244
34.39922070503235,244
34.408371686935425,244
34.41777539253235,244
34.427480936050415,244
34.438836336135864,244
34.44542598724365,244
34.4565806388855,244
34.46310877799988,244
34.46996259689331,244
34.476107120513916,244
34.48614811897278,244
34.492443799972534,244
34.50464057922363,244
34.511101961135864,244
34.52362871170044,244
34.53034162521362,244
34.5380277633667,244
34.544336795806885,244
34.55229377746582,244
34.56099224090576,244
34.573949575424194,244
34.58284878730774,244
34.59426808357239,244
34.60658597946167,244
34.613199949264526,244
34.619890451431274,244
34.6259982585907,244
34.63294172286987,244
34.63947653770447,244
34.64537215232849,244
34.65781307220459,244
34.66642904281616,244
34.67533087730408,244
34.68620586395264,244
34.69351387023926,244
34.70035481452942,244
34.70660853385925,244
34.714539766311646,244
34.726226806640625,244
34.73340463638306,244
34.739362716674805,244
34.745766401290894,244
34.75247120857239,245
34.758721113204956,245
34.76830053329468,245
34.777196168899536,245
34.78880953788757,245
34.79527020454407,245
34.807090282440186,245
34.81367254257202,245
34.820629596710205,245
34.82699704170227,245
34.83403420448303,245
34.84025549888611,245
34.84720540046692,246
34.85782742500305,246
34.86592173576355,246
34.8754403591156,246
34.88188123703003,246
34.887580156326294,246
34.893102407455444,246
34.9045193195343,246
34.91035079956055,246
34.919302463531494,246
34.92785596847534,246
34.93422031402588,246
34.93985414505005,246
34.94572472572327,246
34.952638387680054,246
34.9584436416626,246
34.967092752456665,246
34.97783446311951,246
34.98991847038269,246
34.99731111526489,246
35.008623361587524,246
35.01570773124695,246
35.021366357803345,246
35.027010917663574,246
35.033817768096924,246
35.0397584438324,246
35.04775309562683,246
35.05757451057434,246
35.06354737281799,246
35.07576537132263,246
35.08548426628113,246
35.09246492385864,246
35.09858751296997,246
35.10471248626709,246
35.11012291908264,246
35.12243914604187,246
35.129024028778076,246
35.13509130477905,246
35.141714334487915,246
35.14754056930542,246
35.154412269592285,246
35.1599338054657,246
35.17136883735657,246
35.17955160140991,246
35.189069986343384,246
35.195338010787964,246
35.20628213882446,246
35.21241283416748,246
35.218573331832886,246
35.22417116165161,246
35.23126530647278,246
35.24253797531128,246
35.24934673309326,246
35.25497770309448,246
35.26089382171631,246
35.26819443702698,246
35.27426338195801,246
35.28694558143616,246
35.29292297363281,246
35.304444551467896,246
35.31119084358215,246
35.32303237915039,246
35.32939553260803,246
35.3359580039978,246
35.343485832214355,246
35.3507285118103,246
35.356635093688965,246
35.36442232131958,246
35.37532162666321,246
35.3852698802948,246
35.39463543891907,246
35.40211200714111,246
35.40808582305908,246
35.41858100891113,246
35.42577624320984,246
35.43714690208435,246
35.44327473640442,246
35.45398020744324,246
35.45985460281372,246
35.46638250350952,246
35.47218728065491,246
35.47863173484802,246
35.48975944519043,246
35.49612069129944,246
35.50661587715149,246
35.51292181015015,246
35.51949906349182,246
35.525315046310425,246
35.53518033027649,246
35.544029235839844,246
35.55528736114502,246
35.56154203414917,246
35.57182717323303,246
35.57823824882507,246
35.58796238899231,246
35.594053983688354,246
35.60655498504639,246
35.61529326438904,246
35.62563753128052,246
35.63282346725464,246
35.64437913894653,246
35.651885986328125,246
35.6584255695343,246
35.66570806503296,246
35.672545433044434,246
35.67930793762207,246
35.69126772880554,246
35.699472427368164,246
35.70816397666931,246
35.71824765205383,246
35.72687101364136,246
35.734055280685425,246
35.73995852470398,246
35.7459032535553,246
35.7522988319397,246
35.75984573364258,246
35.76959562301636,246
35.78269982337952,246
35.79185485839844,246
35.80387568473816,246
35.81111717224121,246
35.819031953811646,246
35.824809312820435,246
35.83675742149353,246
35.84428310394287,246
35.85084557533264,246
35.856860876083374,246
35.862786054611206,246
35.869104623794556,246
35.874951124191284,246
35.88583064079285,246
35.89439582824707,246
35.90536379814148,246
35.91244173049927,246
35.924076795578,246
35.930479526519775,246
35.93713855743408,246
35.94302582740784,246
35.95519018173218,246
35.96153426170349,246
35.97196841239929,246
35.979121923446655,246
35.99005389213562,246
36.00347566604614,246
36.01201891899109,246
36.02042007446289,246
36.0269832611084,246
36.03541588783264,246
36.041574001312256,246
36.05235147476196,246
36.06095910072327,246
36.071528673172,246
36.077439069747925,246
36.083964109420776,246
36.08988571166992,246
36.09625577926636,246
36.107110023498535,246
36.11458444595337,246
36.12118220329285,246
36.12812924385071,246
36.13975405693054,246
36.1496307849884,246
36.15889763832092,246
36.16800928115845,246
36.177324533462524,246
36.18810772895813,246
36.19713044166565,246
36.20901823043823,246
36.21817708015442,247
36.22362518310547,247
36.22928214073181,247
36.235507011413574,247
36.242506980895996,247
36.251795291900635,247
36.260690689086914,247
36.27049279212952,247
36.2787082195282,247
36.29014229774475,247
36.29605531692505,247
36.303995847702026,247
36.3110876083374,247
36.31714224815369,247
36.32273316383362,247
36.328510761260986,247
36.33894348144531,247
36.34535789489746,247
36.35553789138794,247
36.36129093170166,247
36.3714964389801,247
36.37721371650696,247
36.38345742225647,247
36.388933420181274,247
36.394612073898315,247
36.405505418777466,247
36.412230253219604,247
36.424407958984375,247
36.43027901649475,247
36.437731981277466,247
36.44333481788635,247
36.45344638824463,247
36.46301341056824,247
36.47234344482422,247
36.47811460494995,247
36.48835825920105,247
36.49436330795288,247
36.50171518325806,247
36.51159954071045,247
36.518582582473755,247
36.52452802658081,247
36.53391432762146,247
36.54357075691223,247
36.55517387390137,247
36.5611310005188,247
36.57192420959473,247
36.57801580429077,247
36.58492636680603,247
36.59061598777771,247
36.597912073135376,247
36.6071343421936,247
36.617167949676514,247
36.6256947517395,247
36.63161873817444,247
36.638307094573975,247
36.644195318222046,247
36.65560507774353,247
36.66159534454346,247
36.67091608047485,247
36.6767201423645,247
36.68938875198364,247
36.69536471366882,247
36.701399087905884,247
36.70693325996399,247
36.71514844894409,247
36.72076416015625,247
36.72639012336731,247
36.738632917404175,247
36.74494981765747,247
36.75220561027527,247
36.76169443130493,247
36.77076506614685,247
36.77748990058899,247
36.78710079193115,247
36.792985916137695,247
36.800065755844116,247
36.80657362937927,247
36.81532883644104,247
36.82823729515076,247
36.839311599731445,247
36.845776081085205,247
36.856162309646606,247
36.86405849456787,247
36.87513995170593,247
36.88271188735962,247
36.892226219177246,247
36.898542165756226,247
36.904096364974976,247
36.90957188606262,247
36.917771339416504,247
36.92331314086914,247
36.93076419830322,247
36.940863370895386,247
36.94955325126648,247
36.9575731754303,247
36.96569323539734,248
36.97324275970459,248
36.978755712509155,248
36.98451542854309,248
36.989800453186035,248
36.995264291763306,248
37.00460195541382,248
37.010305404663086,248
37.02241921424866,248
37.0324170589447,248
37.04246187210083,248
37.049046993255615,248
37.05458927154541,248
37.060187101364136,248
37.0695903301239,248
37.075324058532715,248
37.0811550617218,248
37.08722996711731,248
37.09276795387268,248
37.100966691970825,248
37.109538316726685,248
37.12090849876404,248
37.12743258476257,248
37.136910915374756,248
37.14298915863037,248
37.153319120407104,248
37.159531354904175,248
37.17097282409668,248
37.17675566673279,248
37.18679475784302,248
37.192320585250854,248
37.19989991188049,248
37.208476543426514,248
37.21984100341797,248
37.22658562660217,248
37.23289394378662,248
37.23837661743164,248
37.24402379989624,248
37.255268812179565,248
37.261422872543335,248
37.26733899116516,248
37.273107051849365,248
37.27918577194214,248
37.28822422027588,248
37.29409646987915,248
37.304410457611084,248
37.31142592430115,248
37.32099723815918,248
37.3273651599884,248
37.33738660812378,248
37.34355592727661,248
37.35076546669006,248
37.35628271102905,248
37.36685037612915,248
37.37666654586792,248
37.38600301742554,248
37.39179706573486,248
37.400896072387695,248
37.40795183181763,248
37.418335914611816,248
37.42534780502319,248
37.435641050338745,248
37.44146275520325,248
37.45112347602844,248
37.459521532058716,248
37.47038221359253,248
37.476303577423096,248
37.490071535110474,248
37.49663829803467,248
37.50355887413025,248
37.50970697402954,248
37.52082133293152,248
37.52645540237427,248
37.53470754623413,248
37.54063034057617,248
37.548980951309204,248
37.55760169029236,248
37.563910484313965,248
37.570136070251465,248
37.57634210586548,248
37.5863823890686,248
37.592870473861694,248
37.60352087020874,248
37.609841108322144,248
37.62078285217285,248
37.62713551521301,248
37.6341769695282,248
37.64035367965698,248
37.64867401123047,248
37.65807056427002,248
37.664647340774536,248
37.67077660560608,248
37.676344871520996,248
37.68712139129639,249
37.6928927898407,249
37.703360080718994,249
37.70911955833435,249
37.72030973434448,249
37.726346492767334,249
37.733214378356934,249
37.74032187461853,249
37.746745586395264,249
37.753093004226685,249
37.75868320465088,249
37.769649505615234,249
37.7752149105072,249
37.78642654418945,249
37.79205322265625,249
37.80211138725281,249
37.808037519454956,249
37.815136671066284,249
37.82034873962402,249
37.82553315162659,250
37.83419919013977,250
37.84356617927551,250
37.85119605064392,250
37.85653758049011,250
37.862093448638916,250
37.86940121650696,250
37.87473011016846,250
37.881603479385376,250
37.8907516002655,250
37.89805197715759,250
37.9073212146759,250
37.915014028549194,250
37.92308306694031,250
37.9288272857666,250
37.93468165397644,250
37.940654039382935,250
37.94837951660156,250
37.95408749580383,250
37.95933198928833,250
37.96897101402283,250
37.975451707839966,250
37.985591173172,250
37.99139094352722,250
38.002846479415894,250
38.00910806655884,250
38.015697717666626,250
38.02089524269104,250
38.02603030204773,250
38.037055015563965,250
38.04423117637634,250
38.050737380981445,251
38.055691957473755,251
38.06095886230469,251
38.06659388542175,251
38.07155084609985,251
38.076661348342896,251
38.0856397151947,251
38.09080934524536,251
38.09816908836365,251
38.10524344444275,251
38.110727071762085,251
38.12186646461487,251
38.12665891647339,251
38.13209557533264,251
38.136754512786865,251
38.14126133918762,251
38.14889216423035,251
38.1536922454834,251
38.15837216377258,251
38.16742968559265,251
38.173707723617554,251
38.181458711624146,251
38.18913531303406,251
38.19452619552612,251
38.202906370162964,251
38.2093563079834,251
38.21552276611328,251
38.22011876106262,251
38.22461557388306,251
38.22961902618408,251
38.234999895095825,251
38.239537715911865,251
38.24420642852783,251
38.25430989265442,251
38.26219320297241,251
38.27063012123108,251
38.275368452072144,251
38.28307747840881,251
38.29065990447998,251
38.29551815986633,251
38.301024436950684,251
38.3056583404541,251
38.310588359832764,251
38.31636881828308,251
38.32102918624878,251
38.32586169242859,251
38.333680868148804,251
38.34121751785278,251
38.3497588634491,251
38.358731508255005,251
38.36731839179993,251
38.372129917144775,251
38.37690091133118,251
38.38641166687012,251
38.39139103889465,251
38.398890256881714,251
38.40658903121948,251
38.41181564331055,251
38.417529582977295,251
38.42247819900513,251
38.42758107185364,251
38.433220863342285,251
38.438061237335205,251
38.443034172058105,251
38.45091509819031,251
38.46181845664978,251
38.47111368179321,251
38.47617793083191,251
38.48238205909729,251
38.487170934677124,251
38.491840839385986,251
38.49999690055847,251
38.50769639015198,251
38.51258730888367,251
38.518588066101074,251
38.523130655288696,251
38.52834701538086,251
38.5385468006134,251
38.543665170669556,251
38.5540657043457,251
38.562034606933594,251
38.57022404670715,251
38.57512879371643,251
38.581618785858154,251
38.58664512634277,251
38.59119200706482,251
38.59826469421387,251
38.60627484321594,251
38.6123685836792,251
38.62128138542175,251
38.62641429901123,251
38.63699126243591,251
38.64233374595642,251
38.650941610336304,251
38.655771017074585,251
38.660855293273926,251
38.667283058166504,251
38.67192792892456,251
38.67669153213501,251
38.68531775474548,251
38.69007182121277,251
38.696221351623535,251
38.704612255096436,251
38.709325551986694,251
38.717878580093384,251
38.72384810447693,251
38.7288556098938,251
38.73427128791809,251
38.742186546325684,251
38.751221656799316,251
38.75939750671387,251
38.76762628555298,251
38.77537798881531,251
38.7834050655365,251
38.78936171531677,251
38.79478216171265,251
38.80396270751953,251
38.80893349647522,251
38.8143630027771,251
38.818987131118774,251
38.823612451553345,251
38.82948279380798,251
38.83738613128662,251
38.84209680557251,251
38.85114502906799,251
38.856544733047485,251
38.86249256134033,251
38.87135934829712,251
38.87615346908569,251
38.88534712791443,251
38.890172719955444,251
38.8956253528595,251
38.9050018787384,251
38.90986967086792,251
38.91673922538757,251
38.92138671875,251
38.92605233192444,251
38.93471908569336,251
38.94244360923767,251
38.95242142677307,251
38.957271575927734,251
38.962379932403564,251
38.96769642829895,251
38.97383165359497,251
38.98175311088562,251
38.988078355789185,251
38.99259567260742,251
39.00130319595337,251
39.00647521018982,251
39.013123750686646,251
39.02177023887634,251
39.02638220787048,251
39.036580085754395,251
39.041595697402954,251
39.0477397441864,251
39.05257844924927,251
39.05759859085083,251
39.06619071960449,251
39.071372509002686,251
39.07776975631714,251
39.08646321296692,251
39.09120965003967,251
39.097901821136475,251
39.10598659515381,251
39.1111786365509,251
39.11786150932312,251
39.12310194969177,251
39.129040479660034,251
39.138278007507324,251
39.14322233200073,251
39.15321731567383,251
39.158392906188965,251
39.16752576828003,251
39.172624588012695,251
39.17936420440674,251
39.18512511253357,251
39.189873933792114,251
39.19537615776062,251
39.20409679412842,251
39.20936298370361,251
39.21790409088135,251
39.22363829612732,251
39.22921681404114,251
39.23454689979553,251
39.238943576812744,251
39.245094299316406,251
39.254781007766724,251
39.25965142250061,251
39.269678592681885,251
39.27491617202759,251
39.285072803497314,251
39.29092288017273,251
39.29678797721863,251
39.30291128158569,251
39.30752897262573,251
39.312981367111206,251
39.318530559539795,251
39.32301616668701,251
39.32857084274292,251
39.33750534057617,251
39.34252452850342,251
39.351627588272095,251
39.35820651054382,251
39.36671018600464,251
39.37237501144409,251
39.37762999534607,251
39.38500738143921,251
39.39009737968445,251
39.39785408973694,251
39.40468502044678,251
39.41092228889465,251
39.42210388183594,251
39.427289962768555,251
39.43589663505554,251
39.44055104255676,251
39.447433948516846,251
39.45532536506653,251
39.46082901954651,251
39.47056698799133,251
39.47601294517517,251
39.48457622528076,251
39.49375343322754,251
39.50122117996216,251
39.506123304367065,251
39.51102137565613,251
39.517637729644775,251
39.522573947906494,251
39.527700901031494,251
39.53812289237976,251
39.54424452781677,251
39.55432391166687,251
39.559696674346924,251
39.56924796104431,251
39.57473278045654,251
39.5819616317749,251
39.58811807632446,251
39.593812227249146,251
39.60401773452759,251
39.60954689979553,251
39.61941862106323,251
39.62447786331177,251
39.63226580619812,251
39.63992643356323,251
39.64621353149414,251
39.654253005981445,251
39.659101724624634,251
39.667688846588135,251
39.672585248947144,251
39.67837643623352,251
39.68830132484436,251
39.693509340286255,251
39.70233631134033,251
39.70734906196594,251
39.71469044685364,251
39.72214865684509,251
39.727301359176636,251
39.7327983379364,251
39.73772954940796,251
39.742777824401855,251
39.74850511550903,251
39.75352692604065,251
39.758514165878296,251
39.768625020980835,251
39.77374029159546,251
39.781174659729004,251
39.792158365249634,251
39.798001766204834,251
39.803208351135254,251
39.808852434158325,251
39.81977820396423,251
39.82528877258301,251
39.83523750305176,251
39.84072971343994,251
39.8482129573822,251
39.85555052757263,251
39.861372232437134,251
39.869853496551514,251
39.87501335144043,251
39.884329319000244,251
39.89251089096069,251
39.89932131767273,251
39.90414500236511,251
39.909226417541504,251
39.91859531402588,251
39.92355132102966,251
39.930519104003906,251
39.939940214157104,251
39.946892976760864,251
39.95570421218872,251
39.961488246917725,251
39.97129726409912,251
39.97612285614014,251
39.985215187072754,251
39.99027609825134,251
39.99836349487305,251
40.00638270378113,251
40.011863470077515,251
40.02119994163513,251
40.02632689476013,251
40.035966873168945,251
40.041003465652466,251
40.05029797554016,251
40.055285930633545,251
40.06043338775635,251
40.06644248962402,251
40.07149624824524,251
40.07710671424866,251
40.08678126335144,251
40.09200644493103,251
40.09885907173157,251
40.10379147529602,251
40.10908341407776,251
40.11668848991394,251
40.12161111831665,251
40.126543283462524,251
40.13685131072998,251
40.142399072647095,251
40.153236389160156,251
40.16090774536133,251
40.17047953605652,251
40.1760094165802,251
40.18214011192322,251
40.187047243118286,251
40.19230341911316,251
40.199472188949585,251
40.20563101768494,251
40.21244812011719,251
40.22153306007385,251
40.22707724571228,251
40.236754179000854,251
40.24211835861206,251
40.25127077102661,251
40.256306648254395,251
40.26136803627014,251
40.266884565353394,251
40.27187418937683,251
40.27746891975403,251
40.28601121902466,251
40.291109800338745,251
40.29978704452515,251
40.308765172958374,251
40.31399655342102,251
40.31871771812439,251
40.323161125183105,251
40.32872200012207,251
40.33728647232056,251
40.34231114387512,251
40.35074162483215,251
40.35688304901123,251
40.36283349990845,251
40.37162780761719,251
40.377477169036865,251
40.3838152885437,251
40.38874793052673,251
40.39442801475525,251
40.401742458343506,251
40.41081953048706,251
40.41583299636841,251
40.420989990234375,251
40.42542505264282,251
40.43058896064758,251
40.435123682022095,251
40.43968176841736,251
40.445820331573486,251
40.453837871551514,251
40.45864391326904,251
40.46695876121521,251
40.47218585014343,251
40.47829723358154,251
40.48713421821594,251
40.49206256866455,251
40.49775838851929,251
40.50270366668701,251
40.50888156890869,251
40.51458024978638,251
40.51940679550171,251
40.52428841590881,251
40.531336307525635,251
40.541126012802124,251
40.55021333694458,251
40.55750560760498,251
40.56240892410278,251
40.56856608390808,251
40.573241233825684,251
40.57890868186951,251
40.588011741638184,251
40.59258556365967,251
40.60250806808472,251
40.60890436172485,251
40.61438608169556,251
40.61914587020874,251
40.623790979385376,251
40.62877106666565,251
40.63415813446045,251
40.6387722492218,251
40.64451026916504,251
40.65310859680176,251
40.65795302391052,251
40.666630268096924,251
40.6718955039978,251
40.67729592323303,251
40.68658518791199,251
40.6914484500885,251
40.69683766365051,251
40.70153331756592,251
40.70616936683655,251
40.7123646736145,251
40.71779799461365,251
40.722336292266846,251
40.727888345718384,251
40.73674297332764,251
40.741703510284424,251
40.752044439315796,251
40.75664043426514,251
40.76509618759155,251
40.770689487457275,251
40.77540946006775,251
40.78095889091492,251
40.78636169433594,251
40.79089832305908,251
40.79583120346069,251
40.80120587348938,251
40.805954933166504,251
40.81409668922424,251
40.82248377799988,251
40.828566789627075,251
40.837730407714844,251
40.842390298843384,251
40.851553440093994,251
40.85657715797424,251
40.86179566383362,251
40.86768698692322,251
40.872748613357544,251
40.8791868686676,251
40.888033866882324,251
40.8930504322052,251
40.898581743240356,251
40.903316020965576,251
40.90794324874878,251
40.914297342300415,251
40.923349142074585,251
40.93298602104187,251
40.9415168762207,251
40.950920820236206,251
40.95696997642517,251
40.96598696708679,251
40.97187781333923,251
40.97678279876709,251
40.98395490646362,251
40.98914957046509,251
40.994194746017456,251
41.000410318374634,251
41.00552177429199,251
41.01076793670654,251
41.02210068702698,251
41.02796196937561,251
41.03729200363159,251
41.042134284973145,251
41.0506865978241,251
41.05550813674927,251
41.06049919128418,251
41.0655517578125,251
41.070178508758545,251
41.07456040382385,251
41.082252502441406,251
41.087470054626465,251
41.09223294258118,251
41.102091789245605,251
41.10702037811279,251
41.11458683013916,251
41.124799489974976,251
41.13020324707031,251
41.13525128364563,251
41.13987112045288,251
41.145896434783936,251
41.153544664382935,251
41.15815019607544,251
41.163849115371704,251
41.16850018501282,251
41.17328929901123,251
41.18058133125305,251
41.188884019851685,251
41.19484996795654,251
41.20339608192444,251
41.20947885513306,251
41.2185161113739,251
41.22333645820618,251
41.230822801589966,251
41.239184617996216,251
41.245641231536865,251
41.25324249267578,251
41.25783181190491,251
41.26650619506836,251
41.271310806274414,251
41.27624845504761,251
41.285969257354736,251
41.290871381759644,251
41.296332359313965,251
41.30134868621826,251
41.30591940879822,251
41.31243085861206,251
41.32078719139099,251
41.326603174209595,251
41.33509302139282,251
41.340009927749634,251
41.35113501548767,251
41.3565719127655,251
41.36191987991333,251
41.36765384674072,251
41.37225151062012,251
41.37731075286865,251
41.387253522872925,251
41.391993045806885,251
41.401655197143555,251
41.407105445861816,251
41.413447856903076,251
41.42212152481079,251
41.4294707775116,251
41.43795108795166,251
41.44513201713562,251
41.453049182891846,251
41.45802879333496,251
41.46342206001282,251
41.47099709510803,251
41.47659158706665,251
41.48504590988159,251
41.49023914337158,251
41.49815487861633,251
41.50576138496399,251
41.511378049850464,251
41.52114653587341,251
41.526551961898804,251
41.53312873840332,251
41.53813290596008,251
41.543479442596436,251
41.54915809631348,251
41.554038286209106,251
41.558964252471924,251
41.56875395774841,251
41.57355332374573,251
41.579755544662476,251
41.59007906913757,251
41.596380949020386,251
41.605165004730225,251
41.61034393310547,251
41.61634969711304,251
41.6211724281311,251
41.626137495040894,251
41.63150715827942,251
41.637460470199585,251
41.64211177825928,251
41.65155482292175,251
41.65640306472778,251
41.66307067871094,251
41.67128372192383,251
41.67604899406433,251
41.686126708984375,251
41.69106197357178,251
41.696494340896606,251
41.701194763183594,251
41.70586442947388,251
41.714133501052856,251
41.72178864479065,251
41.727192878723145,251
41.73239612579346,251
41.73770475387573,251
41.742769956588745,251
41.748536825180054,251
41.753053188323975,251
41.7575421333313,251
41.766289472579956,251
41.771082401275635,251
41.777350425720215,251
41.786858558654785,251
41.79198598861694,251
41.80184507369995,251
41.80700445175171,251
41.81226587295532,251
41.81745672225952,251
41.822129011154175,251
41.827038526535034,251
41.83218312263489,251
41.83834099769592,251
41.84399652481079,251
41.85265326499939,251
41.85758566856384,251
41.86610722541809,251
41.870869398117065,251
41.875484466552734,251
41.88567566871643,251
41.89086723327637,251
41.89657497406006,251
41.90183734893799,251
41.906800508499146,251
41.91181302070618,251
41.91736674308777,251
41.92250871658325,251
41.92962312698364,251
41.938190937042236,251
41.9434928894043,251
41.95138120651245,251
41.956199407577515,251
41.96359419822693,251
41.97092795372009,251
41.97591686248779,251
41.981961250305176,251
41.98683714866638,251
41.991491079330444,251
41.997275829315186,251
42.00242567062378,251
42.00710701942444,251
42.01402926445007,251
42.02305340766907,251
42.029457330703735,252
42.038182735443115,252
42.04320526123047,252
42.05146813392639,252
42.056549072265625,252
42.06281757354736,252
42.06966185569763,252
42.07403230667114,252
42.083253622055054,252
42.088799476623535,252
42.0932719707489,252
42.098238468170166,252
42.10264778137207,252
42.106993436813354,252
42.11159682273865,252
42.11685132980347,252
42.121134757995605,252
42.12539720535278,252
42.13453006744385,252
42.14058756828308,252
42.149669885635376,252
42.154388189315796,252
42.158684968948364,252
42.16578435897827,252
42.173015117645264,252
42.1777708530426,252
42.182976722717285,252
42.18731927871704,252
42.19162034988403,252
42.20013165473938,252
42.206490993499756,252
42.21138596534729,252
42.21687579154968,252
42.22125244140625,252
42.22564077377319,252
42.23489713668823,252
42.23942947387695,252
42.247724771499634,252
42.25728917121887,252
42.26759481430054,252
42.272258281707764,252
42.27684283256531,252
42.28269004821777,252
42.286991357803345,252
42.29128670692444,252
42.29836583137512,252
42.30504298210144,252
42.310198068618774,252
42.319013595581055,252
42.32361125946045,252
42.328306913375854,252
42.33343505859375,252
42.337979793548584,252
42.34256935119629,252
42.34882926940918,252
42.3532874584198,252
42.35785436630249,252
42.36611318588257,252
42.37049651145935,252
42.374972105026245,252
42.38224935531616,252
42.39013719558716,252
42.39670658111572,252
42.40603756904602,252
42.41156482696533,252
42.41793870925903,252
42.42262125015259,252
42.42995643615723,252
42.43842673301697,252
42.44392919540405,252
42.451759576797485,252
42.45819640159607,252
42.467554569244385,252
42.47224450111389,252
42.4773588180542,252
42.4832067489624,252
42.4875054359436,252
42.49185109138489,252
42.5006902217865,252
42.50547957420349,252
42.51063346862793,252
42.518879652023315,252
42.52344989776611,252
42.531264305114746,252
42.536511182785034,252
42.54074478149414,252
42.54534077644348,252
42.55047535896301,252
42.555386543273926,252
42.566017150878906,252
42.572200536727905,252
42.576356410980225,252
42.585182189941406,253
42.58938503265381,253
42.593719720840454,253
42.59822869300842,253
42.6021523475647,253
42.606144428253174,253
42.61196041107178,253
42.62022089958191,253
42.62451767921448,253
42.629347801208496,253
42.63358402252197,253
42.63751006126404,253
42.64154863357544,253
42.65087080001831,253
42.65660047531128,253
42.66216444969177,253
42.66961598396301,253
42.67399787902832,253
42.679288387298584,253
42.68690490722656,253
42.69107723236084,253
42.69628095626831,253
42.70032715797424,253
42.704365730285645,253
42.70838761329651,253
42.717355251312256,253
42.723214864730835,253
42.727723598480225,253
42.73229122161865,253
42.73625373840332,253
42.74033188819885,253
42.744810819625854,253
42.749611139297485,253
42.753578186035156,253
42.758456230163574,253
42.76631236076355,253
42.77058410644531,253
42.77468132972717,253
42.78311634063721,253
42.7889404296875,253
42.79393815994263,253
42.80302333831787,253
42.80765104293823,253
42.812700033187866,253
42.81712055206299,253
42.82244920730591,253
42.828524589538574,253
42.83708953857422,253
42.84100794792175,253
42.847618103027344,253
42.853729248046875,253
42.85772705078125,253
42.8677659034729,253
42.87242937088013,253
42.87681484222412,253
42.88318061828613,253
42.88746786117554,253
42.89192795753479,253
42.90054368972778,253
42.90574240684509,253
42.910393714904785,253
42.918471574783325,253
42.92265605926514,253
42.92725348472595,253
42.934762954711914,253
42.938769578933716,253
42.94352984428406,253
42.95076060295105,253
42.9557204246521,253
42.96206545829773,253
42.966819047927856,253
42.97073245048523,253
42.97475266456604,253
42.98405075073242,253
42.988614320755005,253
42.993367195129395,253
43.001219749450684,253
43.00658345222473,253
43.01093006134033,253
43.01561760902405,253
43.01979851722717,253
43.023847818374634,253
43.02825999259949,253
43.03303790092468,253
43.03695774078369,253
43.0409574508667,253
43.0472993850708,253
43.05465054512024,253
43.058995485305786,253
43.06983137130737,253
43.0742244720459,253
43.08151173591614,253
43.08821892738342,253
43.09296178817749,253
43.098366498947144,253
43.102920055389404,253
43.107545614242554,253
43.11481547355652,253
43.1201286315918,253
43.124234199523926,253
43.13208866119385,253
43.13885998725891,253
43.14419722557068,253
43.151997804641724,253
43.15613579750061,253
43.16122388839722,253
43.17067551612854,253
43.17531943321228,253
43.18032765388489,253
43.18466520309448,253
43.18896484375,253
43.193673849105835,253
43.19863796234131,253
43.20308804512024,253
43.20749521255493,253
43.214923620224,253
43.22212219238281,253
43.22737097740173,253
43.23584771156311,253
43.2404842376709,253
43.24733257293701,253
43.25294327735901,253
43.257168769836426,253
43.26536726951599,253
43.27000188827515,253
43.27542448043823,253
43.28448700904846,253
43.28898906707764,253
43.29414987564087,253
43.30202794075012,253
43.3061957359314,253
43.31243443489075,253
43.31938147544861,253
43.32364463806152,253
43.33041977882385,253
43.33752179145813,253
43.34228587150574,253
43.34719634056091,253
43.35163950920105,253
43.35580015182495,253
43.3616418838501,253
43.37019920349121,253
43.37595582008362,253
43.382455825805664,253
43.38798475265503,253
43.39439082145691,253
43.402777671813965,253
43.407580852508545,253
43.41285991668701,253
43.4173526763916,253
43.42190670967102,253
43.42663097381592,253
43.431764364242554,253
43.43612837791443,253
43.440284967422485,253
43.44908165931702,253
43.455968618392944,253
43.461790800094604,253
43.46993541717529,253
43.47789478302002,253
43.48695397377014,253
43.49123549461365,253
43.49651598930359,253
43.50153684616089,253
43.50608158111572,253
43.51078486442566,253
43.51583385467529,253
43.52009415626526,253
43.52421259880066,253
43.5319390296936,253
43.538445711135864,253
43.54316234588623,253
43.55119180679321,253
43.55560350418091,253
43.560630559921265,253
43.56921434402466,253
43.57411766052246,253
43.58093547821045,253
43.585445165634155,253
43.589762926101685,253
43.596675634384155,253
43.603811740875244,253
43.60854506492615,253
43.61379313468933,253
43.61821007728577,253
43.62305808067322,253
43.627765417099,253
43.63269519805908,253
43.63696098327637,253
43.64130234718323,253
43.65133047103882,253
43.65578651428223,253
43.6617648601532,253
43.66942548751831,253
43.67401671409607,253
43.67972660064697,253
43.684773206710815,253
43.689115047454834,253
43.69528555870056,253
43.70344924926758,253
43.70822763442993,253
43.71765923500061,253
43.722543239593506,253
43.7283992767334,253
43.73644804954529,253
43.741798400878906,253
43.74993586540222,253
43.75443148612976,253
43.759275674819946,253
43.76926016807556,253
43.77431273460388,253
43.780688524246216,253
43.78668761253357,253
43.791213274002075,253
43.79624342918396,253
43.801817893981934,253
43.80661582946777,253
43.81446838378906,253
43.821943044662476,253
43.826990842819214,253
43.83546757698059,253
43.83966565132141,253
43.845136642456055,253
43.853047132492065,253
43.8573739528656,253
43.86275315284729,253
43.86847949028015,253
43.8731963634491,253
43.88221836090088,253
43.88778352737427,253
43.89212512969971,253
43.90332579612732,253
43.90764284133911,253
43.918553590774536,253
43.92414569854736,253
43.92937231063843,253
43.93414783477783,253
43.938833236694336,253
43.94588756561279,253
43.95246148109436,253
43.95656418800354,253
43.961097955703735,253
43.96593403816223,253
43.97023677825928,253
43.97454619407654,253
43.98270130157471,253
43.98938012123108,253
43.99546504020691,253
44.00338816642761,253
44.00806665420532,253
44.016416788101196,253
44.02123284339905,253
44.02595591545105,253
44.03133964538574,253
44.03568887710571,253
44.03997802734375,253
44.04608106613159,253
44.0538694858551,253
44.05823469161987,253
44.06639528274536,253
44.07086396217346,253
44.07569122314453,253
44.084139347076416,253
44.08908247947693,253
44.095874309539795,253
44.104053020477295,253
44.10883569717407,253
44.117650270462036,253
44.123250007629395,253
44.12865924835205,253
44.13378667831421,253
44.13824391365051,253
44.14322805404663,253
44.15123271942139,253
44.155653953552246,253
44.161598682403564,253
44.17263746261597,253
44.1790292263031,253
44.18441820144653,253
44.18869948387146,253
44.19661569595337,253
44.202598094940186,253
44.20711541175842,253
44.21566152572632,253
44.22049522399902,253
44.225059032440186,253
44.23396944999695,253
44.23851132392883,253
44.24304509162903,253
44.24801802635193,253
44.25231432914734,253
44.256725788116455,253
44.26448893547058,253
44.269150495529175,253
44.2733690738678,253
44.282007694244385,253
44.2865834236145,253
44.291290521621704,253
44.30149745941162,253
44.30598187446594,253
44.31231760978699,253
44.31906175613403,253
44.323410511016846,253
44.33192563056946,253
44.33649563789368,253
44.340933322906494,253
44.349613428115845,253
44.354262828826904,253
44.35917806625366,253
44.368077993392944,253
44.37280321121216,253
44.377482414245605,253
44.38266372680664,253
44.387141704559326,253
44.39176964759827,253
44.39766001701355,253
44.40210151672363,253
44.40634512901306,253
44.41252613067627,253
44.42058253288269,253
44.42518973350525,253
44.434038162231445,253
44.438496112823486,253
44.442686796188354,253
44.4477653503418,254
44.4519248008728,254
44.45583462715149,254
44.46108603477478,254
44.468454122543335,254
44.47245907783508,254
44.478074073791504,254
44.486820220947266,254
44.49091911315918,254
44.499157667160034,254
44.50558400154114,254
44.5098443031311,254
44.515239238739014,254
44.519707679748535,254
44.5235378742218,254
44.52992010116577,254
44.537745237350464,254
44.5421679019928,254
44.550145626068115,254
44.55434465408325,254
44.55828595161438,254
44.56641101837158,254
44.571080446243286,254
44.57553458213806,254
44.580119609832764,254
44.584275007247925,254
44.588348388671875,254
44.59368348121643,254
44.60086417198181,254
44.60533308982849,254
44.61001634597778,254
44.61477494239807,254
44.61882185935974,254
44.622750997543335,254
44.6270956993103,254
44.63165903091431,254
44.63556528091431,254
44.6393940448761,254
44.64489507675171,254
44.65221357345581,254
44.656527519226074,254
44.66281771659851,254
44.66915154457092,254
44.673163175582886,254
44.67893433570862,254
44.68626356124878,254
44.69025373458862,254
44.694422483444214,254
44.699108362197876,254
44.70292901992798,254
44.70781087875366,254
44.71247911453247,254
44.71649670600891,254
44.72083616256714,254
44.72530961036682,254
44.73479175567627,254
44.73950147628784,254
44.74690079689026,254
44.75223469734192,254
44.7563841342926,254
44.76436638832092,254
44.769956827163696,254
44.77672076225281,254
44.7845995426178,254
44.7917742729187,254
44.80178618431091,254
44.8062047958374,254
44.81232714653015,254
44.81749153137207,254
44.821516036987305,254
44.82583737373352,254
44.83117699623108,254
44.83528542518616,254
44.839176654815674,254
44.845361948013306,254
44.852442026138306,254
44.85663151741028,254
44.864264488220215,254
44.87375521659851,254
44.87972378730774,254
44.88363790512085,254
44.88743758201599,254
44.89119863510132,254
44.89522123336792,254
44.89902377128601,254
44.90279030799866,254
44.906935691833496,254
44.91170263290405,254
44.91572403907776,254
44.91949987411499,254
44.923290491104126,254
44.92701840400696,254
44.93070602416992,254
44.934431076049805,254
44.93809795379639,254
44.94215154647827,254
44.94587302207947,254
44.94957089424133,254
44.954468965530396,254
44.958648681640625,254
44.96282172203064,254
44.9666748046875,254
44.970463037490845,254
44.97429919242859,254
44.97821807861328,254
44.98209238052368,254
44.98605132102966,254
44.99263000488281,254
45.000643253326416,254
45.00792050361633,254
45.01599454879761,254
45.020326375961304,254
45.02444791793823,254
45.029303312301636,254
45.03544020652771,254
45.039416790008545,254
45.045326709747314,254
45.05392789840698,254
45.05828237533569,254
45.06736707687378,254
45.07182812690735,254
45.07626390457153,254
45.08116579055786,254
45.085463523864746,254
45.089529514312744,254
45.09708023071289,254
45.10255408287048,254
45.10712814331055,254
45.11271786689758,254
45.11853909492493,254
45.122650146484375,254
45.12957406044006,254
45.137019872665405,254
45.141844511032104,254
45.14764642715454,254
45.15199637413025,254
45.15608191490173,254
45.16521453857422,254
45.169755935668945,254
45.17409300804138,254
45.18211531639099,254
45.187093019485474,254
45.19115853309631,254
45.19991421699524,254
45.20414185523987,254
45.20850491523743,254
45.213289737701416,254
45.2179753780365,254
45.22201442718506,254
45.22648882865906,254
45.23118042945862,254
45.235209941864014,254
45.23952913284302,254
45.24634337425232,254
45.25323987007141,254
45.25755596160889,254
45.26559281349182,254
45.26958084106445,254
45.27374744415283,254
45.278122901916504,254
45.28240203857422,254
45.286521911621094,254
45.29043936729431,254
45.29890584945679,254
45.30319881439209,254
45.307241678237915,254
45.3150634765625,254
45.32237410545349,254
45.32866716384888,254
45.33579730987549,254
45.33985447883606,254
45.344754457473755,254
45.34944939613342,254
45.35339164733887,254
45.357399463653564,254
45.36574649810791,254
45.37036919593811,254
45.374561071395874,254
45.38254642486572,254
45.388813972473145,254
45.39478325843811,254
45.40403151512146,254
45.408727169036865,254
45.414865016937256,254
45.41927695274353,254
45.42692160606384,254
45.43550705909729,254
45.43961310386658,254
45.44793510437012,254
45.4525146484375,254
45.45691108703613,254
45.46403956413269,254
45.46914005279541,254
45.473007917404175,254
45.47904014587402,254
45.48549032211304,254
45.489444971084595,254
45.49374961853027,254
45.498363971710205,254
45.50244975090027,254
45.506481647491455,254
45.513651609420776,254
45.51871395111084,254
45.522932291030884,254
45.53126358985901,254
45.536935806274414,254
45.54109835624695,254
45.546427726745605,254
45.550551652908325,254
45.55457353591919,254
45.55905342102051,254
45.56652474403381,254
45.57085824012756,254
45.57498598098755,254
45.58325934410095,254
45.588160276412964,254
45.59309506416321,254
45.60151028633118,254
45.60614895820618,254
45.61450958251953,254
45.619083642959595,254
45.62357234954834,254
45.63313841819763,254
45.63743710517883,254
45.64197063446045,254
45.649489879608154,254
45.653796911239624,254
45.657920837402344,254
45.66596817970276,254
45.67014193534851,254
45.674381732940674,254
45.682825326919556,254
45.686933517456055,254
45.69109082221985,254
45.69896221160889,254
45.703152656555176,254
45.70696711540222,254
45.71493411064148,254
45.720425844192505,254
45.72439885139465,254
45.73062705993652,254
45.7357234954834,254
45.73969626426697,254
45.74449110031128,254
45.749123096466064,254
45.75300693511963,254
45.757054805755615,254
45.76474690437317,254
45.76923656463623,254
45.77351379394531,254
45.78089642524719,254
45.786707162857056,254
45.79213261604309,254
45.79705214500427,254
45.80613660812378,254
45.81116318702698,254
45.817158937454224,254
45.82120132446289,254
45.825674533843994,254
45.83130931854248,254
45.836769104003906,254
45.84113574028015,254
45.84994626045227,254
45.855156898498535,254
45.860923767089844,254
45.86826252937317,254
45.872363805770874,254
45.87843608856201,254
45.885021448135376,254
45.88916349411011,254
45.8934760093689,254
45.89896750450134,254
45.90329551696777,254
45.907384157180786,254
45.91643834114075,254
45.924511194229126,254
45.93171739578247,254
45.938148975372314,254
45.94354867935181,254
45.95168471336365,254
45.955567598342896,254
45.95972394943237,254
45.96435236930847,254
45.968414545059204,254
45.972222328186035,254
45.97735071182251,254
45.98475480079651,254
45.988789081573486,254
45.99462366104126,254
46.00157308578491,254
46.00554060935974,254
46.010751247406006,254
46.018596172332764,254
46.022680044174194,254
46.02861046791077,254
46.03543400764465,254
46.04022669792175,254
46.047162771224976,254
46.05232310295105,254
46.05617594718933,254
46.06065392494202,254
46.06537342071533,254
46.06931757926941,254
46.073405265808105,254
46.08154225349426,254
46.08589816093445,254
46.09025740623474,254
46.09766149520874,254
46.10289001464844,254
46.1073055267334,254
46.11493277549744,254
46.12035083770752,254
46.124258279800415,254
46.131983280181885,254
46.13618230819702,254
46.14128065109253,254
46.148953437805176,254
46.153207540512085,254
46.15704798698425,254
46.16163516044617,254
46.16581392288208,254
46.169793367385864,254
46.17386269569397,254
46.1826810836792,254
46.186877965927124,254
46.19196534156799,254
46.20030856132507,254
46.204567432403564,254
46.209516286849976,254
46.21718621253967,254
46.22143816947937,254
46.225752115249634,254
46.23107194900513,254
46.235207080841064,254
46.239179849624634,254
46.24686932563782,254
46.25361609458923,254
46.257901191711426,254
46.266587257385254,254
46.27082061767578,254
46.275840282440186,254
46.284618854522705,254
46.28911757469177,254
46.29460620880127,254
46.302051305770874,254
46.308873653411865,254
46.315584659576416,254
46.319580078125,254
46.32344698905945,254
46.332486152648926,254
46.33651161193848,254
46.340479135513306,254
46.35072588920593,254
46.35531520843506,254
46.36117172241211,254
46.36906838417053,254
46.373366832733154,254
46.377965688705444,254
46.3822705745697,254
46.3865692615509,254
46.391305446624756,254
46.39631104469299,254
46.40067672729492,254
46.40471529960632,254
46.4091694355011,254
46.41820240020752,254
46.42424511909485,254
46.43401288986206,254
46.43848395347595,254
46.44345140457153,254
46.45414066314697,254
46.45925569534302,254
46.46825909614563,254
46.472986459732056,254
46.482234954833984,254
46.48686766624451,254
46.49128818511963,254
46.49589443206787,254
46.50102138519287,254
46.50570559501648,254
46.51022219657898,254
46.515113830566406,254
46.51923179626465,254
46.52322316169739,254
46.53008580207825,254
46.537007093429565,254
46.54210901260376,254
46.54979228973389,254
46.55523157119751,254
46.56273317337036,254
46.5698926448822,254
46.57470941543579,254
46.57971978187561,254
46.584484338760376,254
46.58891272544861,254
46.597328901290894,254
46.604591608047485,254
46.609261989593506,254
46.61451435089111,254
46.61888313293457,254
46.6233856678009,254
46.629024028778076,254
46.63317584991455,254
46.63733100891113,254
46.64216613769531,254
46.65037751197815,254
46.65564441680908,254
46.661391496658325,254
46.668370962142944,254
46.67268896102905,254
46.68180990219116,254
46.68620443344116,254
46.69038271903992,254
46.69745874404907,254
46.70177960395813,254
46.70616292953491,254
46.71565508842468,254
46.719943046569824,254
46.72404932975769,254
46.728970527648926,254
46.73305630683899,254
46.73728823661804,254
46.741621255874634,254
46.74655032157898,254
46.750765562057495,254
46.75480103492737,254
46.76046895980835,254
46.768232345581055,254
46.7720742225647,254
46.777952909469604,254
46.78465294837952,254
46.78868889808655,254
46.79617619514465,254
46.802767515182495,254
46.8068630695343,254
46.81187176704407,254
46.815852642059326,254
46.819892168045044,254
46.82421350479126,254
46.82999610900879,254
46.83402609825134,254
46.83813762664795,254
46.84358263015747,254
46.852135181427,254
46.85755133628845,254
46.86595797538757,254
46.872684717178345,254
46.878885984420776,254
46.88825821876526,254
46.89246988296509,254
46.8975944519043,254
46.90158796310425,254
46.90545058250427,254
46.90980362892151,254
46.915043354034424,254
46.91906499862671,254
46.922913551330566,254
46.93043851852417,254
46.93620944023132,254
46.94056487083435,254
46.948453187942505,254
46.952635288238525,254
46.95673489570618,254
46.96810221672058,254
46.97910284996033,254
46.987831115722656,254
46.99618721008301,254
47.004873752593994,254
47.01414608955383,254
47.02555751800537,254
47.04319620132446,254
47.05127739906311,254
47.0552339553833,254
47.059804916381836,254
47.06479811668396,254
47.07007694244385,254
47.07530117034912,254
47.08448266983032,254
47.088499546051025,254
47.09471678733826,254
47.10223150253296,254
47.106311082839966,254
47.11477494239807,254
47.12065672874451,254
47.12517547607422,254
47.13002109527588,254
47.13422417640686,254
47.138588428497314,254
47.14415168762207,254
47.15139198303223,254
47.15544414520264,254
47.162283420562744,254
47.169615268707275,254
47.17451786994934,254
47.179445028305054,254
47.18351197242737,254
47.18745493888855,254
47.191795349121094,254
47.19692850112915,254
47.20103335380554,254
47.204859256744385,254
47.21178865432739,254
47.22267413139343,254
47.23442816734314,254
47.24444794654846,254
47.25073266029358,254
47.25841021537781,254
47.26884078979492,254
47.27418828010559,254
47.28219985961914,254
47.286256551742554,254
47.29045009613037,254
47.29860258102417,254
47.30308556556702,254
47.30707359313965,254
47.31533622741699,254
47.319568395614624,254
47.32365584373474,254
47.32834196090698,254
47.33228397369385,254
47.336082458496094,254
47.33992052078247,254
47.34778809547424,254
47.351970911026,254
47.35618710517883,254
47.36247777938843,254
47.36832237243652,254
47.37216663360596,254
47.37781095504761,254
47.382182359695435,254
47.38608980178833,254
47.39009070396423,254
47.39480495452881,254
47.39885592460632,254
47.40270209312439,254
47.406718492507935,254
47.41533184051514,254
47.42073178291321,254
47.425506353378296,254
47.43314862251282,254
47.437299966812134,254
47.44182753562927,254
47.44805908203125,254
47.45240783691406,254
47.45641279220581,254
47.46181344985962,254
47.4673490524292,254
47.471484899520874,254
47.47697138786316,254
47.486480951309204,254
47.49097037315369,254
47.49963569641113,254
47.503873348236084,254
47.50816106796265,254
47.51572394371033,254
47.519869804382324,254
47.524181842803955,254
47.528916358947754,254
47.53299689292908,254
47.53711271286011,254
47.541372299194336,254
47.546321868896484,254
47.550570249557495,254
47.55445313453674,254
47.559470415115356,254
47.566898822784424,254
47.57101798057556,254
47.576188802719116,254
47.584877729415894,254
47.5890736579895,254
47.593345403671265,254
47.59829831123352,254
47.60229253768921,254
47.60614228248596,254
47.61319923400879,254
47.61847639083862,254
47.62268567085266,254
47.629499435424805,254
47.635664224624634,254
47.639719009399414,254
47.644120931625366,254
47.64844036102295,254
47.6525514125824,254
47.656471252441406,254
47.661856174468994,254
47.66598629951477,254
47.6699104309082,254
47.67469000816345,254
47.68797183036804,254
47.69772148132324,254
47.70673203468323,254
47.72102999687195,254
47.730018615722656,254
47.737553358078,254
47.74330282211304,254
47.75174117088318,254
47.76066970825195,254
47.7690691947937,254
47.77544116973877,254
47.786126375198364,254
47.79236125946045,254
47.80519938468933,254
47.81175756454468,254
47.81825304031372,254
47.822266578674316,254
47.82795262336731,254
47.836371421813965,254
47.84041738510132,254
47.84604573249817,254
47.850037813186646,254
47.85409450531006,254
47.85829567909241,254
47.86469769477844,254
47.86887836456299,254
47.87288784980774,254
47.880046129226685,254
47.88684916496277,254
47.89166331291199,254
47.901514530181885,254
47.9056453704834,254
47.9137008190155,254
47.920092821121216,254
47.92396688461304,254
47.92946100234985,254
47.93429684638977,254
47.93838548660278,254
47.944117069244385,254
47.953532457351685,254
47.96139121055603,254
47.97054147720337,254
47.984198808670044,254
47.99465775489807,254
48.00178837776184,254
48.01264023780823,254
48.02355933189392,254
48.03139328956604,254
48.039830923080444,254
48.051225423812866,254
48.05944085121155,254
48.066733837127686,255
