0.5273785591125488,0
0.5360090732574463,0
0.5451600551605225,0
0.5536003112792969,0
0.5595743656158447,0
0.568838357925415,0
0.573199987411499,0
0.5782325267791748,0
0.582470178604126,0
0.5870082378387451,0
0.5929975509643555,0
0.6017255783081055,0
0.6068274974822998,0
0.6156060695648193,0
0.62046217918396,0
0.6265437602996826,0
0.6346967220306396,0
0.6402173042297363,0
0.6489477157592773,0
0.6543312072753906,0
0.6601855754852295,0
0.6658647060394287,0
0.6708114147186279,0
0.6795849800109863,0
0.685638427734375,0
0.6921882629394531,0
0.7008423805236816,0
0.7063384056091309,0
0.7164885997772217,0
0.7222044467926025,0
0.728341817855835,0
0.7340097427368164,0
0.7405743598937988,0
0.7498679161071777,0
0.7557880878448486,0
0.7618966102600098,0
0.7687103748321533,0
0.7756443023681641,0
0.7841355800628662,0
0.7900309562683105,0
0.8011386394500732,0
0.8107268810272217,0
0.8226165771484375,0
0.8315703868865967,0
0.8370139598846436,0
0.8436212539672852,0
0.8493773937225342,0
0.8548679351806641,0
0.8642442226409912,0
0.870598554611206,0
0.8805885314941406,0
0.8875505924224854,0
0.896996259689331,0
0.9026205539703369,0
0.9090750217437744,0
0.9157021045684814,0
0.9214589595794678,0
0.9285943508148193,0
0.9346163272857666,0
0.9420902729034424,0
0.9514460563659668,0
0.9585106372833252,0
0.9681921005249023,0
0.9752326011657715,0
0.98193359375,0
0.987750768661499,0
1.000075101852417,0
1.0074894428253174,0
1.0173330307006836,0
1.024167537689209,0
1.0313053131103516,0
1.037461757659912,0
1.0487866401672363,0
1.0555272102355957,0
1.066497564315796,0
1.0750200748443604,0
1.0843334197998047,0
1.0916502475738525,0
1.0987043380737305,0
1.1053993701934814,0
1.1162948608398438,0
1.1234779357910156,0
1.1319468021392822,0
1.1393237113952637,0
1.1520562171936035,0
1.1611034870147705,0
1.1692378520965576,0
1.1864171028137207,0
1.2009766101837158,0
1.2115745544433594,0
1.2198631763458252,0
1.2332947254180908,0
1.2418467998504639,0
1.2503633499145508,0
1.2611987590789795,0
1.2705755233764648,0
1.2843554019927979,0
1.2966389656066895,0
1.3058311939239502,0
1.3145554065704346,0
1.3227767944335938,0
1.3316631317138672,0
1.3407371044158936,0
1.3521552085876465,0
1.3659694194793701,0
1.3769903182983398,0
1.3895690441131592,0
1.3991563320159912,0
1.412001371383667,0
1.4212911128997803,0
1.431567668914795,0
1.4423503875732422,0
1.4555532932281494,0
1.4658098220825195,0
1.477097511291504,0
1.4918582439422607,0
1.504004716873169,0
1.5187339782714844,0
1.5329365730285645,0
1.5440635681152344,0
1.5544424057006836,0
1.5704131126403809,0
1.5835630893707275,0
1.5992622375488281,0
1.613332748413086,0
1.6236484050750732,0
1.6346299648284912,0
1.6496837139129639,0
1.6610593795776367,0
1.6713695526123047,0
1.68912672996521,0
1.7034683227539062,0
1.7197880744934082,0
1.7341623306274414,0
1.7490463256835938,0
1.7603466510772705,0
1.7708642482757568,0
1.7869031429290771,0
1.8052165508270264,0
1.817204236984253,0
1.829369306564331,0
1.8452930450439453,0
1.8611009120941162,0
1.8751118183135986,0
1.8913812637329102,0
1.9061639308929443,0
1.922177791595459,0
1.9383647441864014,0
1.957103967666626,0
1.9712800979614258,0
1.9899539947509766,0
2.008861780166626,0
2.0267512798309326,0
2.0453293323516846,0
2.060729742050171,0
2.0851199626922607,0
2.106191396713257,0
2.126004695892334,0
2.145542621612549,0
2.165086269378662,0
2.184196710586548,0
2.2043185234069824,0
2.22031831741333,0
2.2384729385375977,0
2.2649619579315186,0
2.2865068912506104,0
2.3061723709106445,0
2.3278067111968994,0
2.3503308296203613,0
2.373640298843384,0
2.3957886695861816,0
2.4193010330200195,0
2.440239667892456,0
2.4642157554626465,0
2.487941026687622,0
2.5150489807128906,0
2.5373733043670654,0
2.5631446838378906,0
2.5872371196746826,0
2.615746259689331,0
2.643726348876953,0
2.670043468475342,0
2.694185733795166,0
2.725097179412842,0
2.753641128540039,0
2.7767019271850586,0
2.802717685699463,0
2.825784206390381,0
2.8508434295654297,0
2.8809256553649902,0
2.9076199531555176,0
2.9363820552825928,0
2.9658095836639404,0
2.9952995777130127,0
3.022630214691162,0
3.048424243927002,0
3.0801026821136475,0
3.103900194168091,0
3.1337270736694336,0
3.16495418548584,0
3.191946506500244,0
3.2257800102233887,0
3.256274700164795,0
3.287447690963745,0
3.3172333240509033,0
3.3484809398651123,0
3.375967025756836,0
3.4085848331451416,0
3.441643476486206,0
3.4708011150360107,0
3.504363536834717,0
3.5441396236419678,0
3.578575849533081,0
3.60913348197937,0
3.6391401290893555,0
3.678840160369873,0
3.7081339359283447,0
3.7442052364349365,0
3.7797224521636963,0
3.8104658126831055,0
3.8385093212127686,0
3.8718278408050537,0
3.903980255126953,0
3.937443971633911,0
3.9713525772094727,0
4.004532337188721,0
4.0402512550354,0
4.082314968109131,0
4.116111755371094,0
4.149790287017822,0
4.18691873550415,0
4.22050404548645,0
4.255493402481079,0
4.295640707015991,0
4.3309454917907715,0
4.368275880813599,0
4.407317876815796,0
4.441690683364868,0
4.4855241775512695,0
4.524975538253784,0
4.568561315536499,0
4.609926700592041,0
4.647413015365601,0
4.692734956741333,0
4.72960638999939,0
4.774263858795166,0
4.815263032913208,0
4.8526623249053955,0
4.896652460098267,0
4.930661916732788,0
4.980019569396973,0
5.020391225814819,0
5.0648767948150635,0
5.114103078842163,0
5.165442943572998,0
5.208981037139893,0
5.253685474395752,0
5.3019678592681885,0
5.349232196807861,0
5.397007703781128,0
5.443850755691528,0
5.487279415130615,0
5.531577825546265,0
5.581900596618652,0
5.622868537902832,0
5.666779041290283,0
5.71201491355896,0
5.755112409591675,0
5.8040032386779785,0
5.846603631973267,0
5.89703106880188,0
5.9408063888549805,0
5.985697031021118,0
6.030898332595825,0
6.071765661239624,2
6.118978023529053,2
6.162545919418335,2
6.202697277069092,3
6.246572494506836,3
6.293165922164917,3
6.352481365203857,3
6.393068075180054,3
6.433334589004517,3
6.482648134231567,4
6.52473521232605,4
6.566978216171265,4
6.612615585327148,5
6.663299083709717,5
6.707521677017212,5
6.7518837451934814,5
6.796259641647339,5
6.850102424621582,5
6.891642093658447,5
6.935647964477539,7
6.978818655014038,8
7.022997140884399,8
7.065789461135864,10
7.112682342529297,10
7.15471625328064,12
7.232358932495117,12
7.289159059524536,13
7.326441287994385,15
7.368809938430786,15
7.408925294876099,15
7.445696592330933,15
7.4859840869903564,17
7.527114629745483,17
7.563673496246338,18
7.5988264083862305,18
7.636051416397095,19
7.671939849853516,20
7.7111756801605225,20
7.757780313491821,21
7.827188491821289,21
7.904979467391968,21
7.95374059677124,21
8.025828123092651,22
8.07822322845459,23
8.124655961990356,23
8.19985818862915,23
8.288860082626343,23
8.373972177505493,24
8.416252136230469,24
8.463700294494629,24
8.50248122215271,24
8.553266763687134,24
8.625885248184204,25
8.686704874038696,25
8.749904870986938,25
8.807003736495972,25
8.85279393196106,26
8.89813780784607,26
8.945284843444824,26
8.986188411712646,26
9.033156156539917,26
9.099319458007812,26
9.154450178146362,26
9.19971227645874,28
9.238976001739502,28
9.282555341720581,30
9.322140455245972,30
9.364290714263916,30
9.428102731704712,31
9.505727529525757,31
9.56717848777771,33
9.609777927398682,34
9.68011212348938,35
9.775018215179443,35
9.84017539024353,35
9.902538299560547,35
9.975041151046753,36
10.051624059677124,36
10.109905242919922,36
10.153629541397095,36
10.215295791625977,36
10.263699769973755,37
10.30368971824646,37
10.392925024032593,38
10.460578203201294,38
10.514618158340454,39
10.558358669281006,39
10.59915828704834,39
10.661226511001587,39
10.716100454330444,40
10.808741331100464,40
10.885493040084839,41
10.948117017745972,41
11.008859157562256,41
11.065184593200684,41
11.123460531234741,42
11.17339038848877,42
11.209917783737183,42
11.270980596542358,42
11.333734273910522,42
11.403100728988647,43
11.444530963897705,43
11.476740598678589,43
11.510650873184204,43
11.549020051956177,44
11.58639907836914,44
11.6269371509552,44
11.663761377334595,44
11.698987483978271,45
11.740066528320312,45
11.77587604522705,46
11.814911127090454,46
11.857560634613037,46
11.891226530075073,46
11.932563543319702,46
11.972891092300415,46
12.01604413986206,46
12.049421548843384,47
12.0912606716156,48
12.12669062614441,49
12.165371894836426,49
12.20310115814209,49
12.23800539970398,50
12.270225286483765,50
12.300552368164062,50
12.337247133255005,50
12.370661973953247,51
12.412118434906006,51
12.44614839553833,51
12.479707956314087,52
12.51397180557251,53
12.551476001739502,53
12.597820520401001,53
12.633853673934937,53
12.668695449829102,53
12.713767528533936,53
12.749987602233887,54
12.791911840438843,54
12.824559688568115,54
12.859938383102417,55
12.89478850364685,56
12.933740854263306,56
12.968608617782593,56
13.011338710784912,57
13.051724433898926,58
13.087600469589233,58
13.126396656036377,58
13.162744998931885,58
13.200067043304443,58
13.23326301574707,58
13.275601148605347,58
13.31187891960144,58
13.347965478897095,58
13.388075113296509,58
13.430221557617188,58
13.46420407295227,58
13.499114513397217,58
13.540817022323608,58
13.580799579620361,59
13.614195823669434,60
13.656589031219482,60
13.692574501037598,60
13.731287002563477,60
13.766340732574463,60
13.811409950256348,60
13.847257852554321,60
13.88621973991394,60
13.92876386642456,60
13.970137119293213,60
14.019688367843628,61
14.058961868286133,61
14.102858066558838,61
14.14107370376587,62
14.179187297821045,62
14.223849296569824,62
14.266464948654175,62
14.308717966079712,62
14.347078800201416,62
14.385658502578735,62
14.42944598197937,62
14.473138332366943,63
14.515608787536621,63
14.555495023727417,63
14.602444648742676,63
14.64823031425476,65
14.689006328582764,65
14.732948064804077,65
14.779142379760742,65
14.817020416259766,65
14.854146957397461,65
14.897216320037842,65
14.93850302696228,65
14.980777502059937,65
15.028071165084839,65
15.06655764579773,65
15.109947681427002,65
15.15221905708313,66
15.196985721588135,66
15.243021965026855,66
15.292883157730103,66
15.346829175949097,66
15.393741846084595,66
15.438961029052734,66
15.481534242630005,66
15.559269189834595,66
15.609101057052612,66
15.655747413635254,66
15.700804710388184,67
15.74534821510315,67
15.789813756942749,68
15.837775945663452,69
15.886535167694092,69
15.933018207550049,69
15.980485916137695,70
16.026888847351074,70
16.075079679489136,70
16.122774124145508,70
16.173791885375977,70
16.215542554855347,70
16.2720685005188,70
16.32040524482727,70
16.369364023208618,70
16.41621732711792,70
16.465494394302368,70
16.5155827999115,70
16.564087390899658,71
16.61203145980835,72
16.66046929359436,73
16.705824851989746,73
16.75806188583374,75
16.80730414390564,75
16.86010503768921,75
16.9152512550354,75
16.963393688201904,75
17.01322627067566,76
17.05880904197693,77
17.10239601135254,77
17.151007652282715,77
17.201554536819458,77
17.253236770629883,77
17.30181312561035,77
17.34758448600769,77
17.394956588745117,77
17.44096088409424,78
17.4857976436615,79
17.52804732322693,80
17.574676513671875,83
17.6189067363739,83
17.66874051094055,85
17.71030831336975,85
17.754838943481445,85
17.810563802719116,85
17.851153135299683,85
17.893510580062866,85
17.942603826522827,85
18.01326322555542,85
18.076724767684937,85
18.1314857006073,85
18.176347970962524,85
18.229429483413696,85
18.271666049957275,85
18.331106662750244,86
18.380167484283447,86
18.423437356948853,87
18.462513208389282,87
18.496103763580322,89
18.535255193710327,90
18.573463439941406,91
18.612083435058594,91
18.647330045700073,91
18.68876600265503,91
18.72778868675232,91
18.76225757598877,93
18.802269220352173,93
18.837587594985962,93
18.876446962356567,94
18.9131019115448,94
18.947664499282837,94
18.984943389892578,94
19.03057360649109,95
19.06249237060547,96
19.098216772079468,96
19.13813328742981,96
19.178133249282837,97
19.21156597137451,97
19.25028395652771,97
19.282509326934814,97
19.319053173065186,97
19.355804920196533,98
19.39223599433899,98
19.432639598846436,99
19.467307806015015,99
19.5027072429657,99
19.539043426513672,99
19.57535719871521,100
19.605676651000977,100
19.64820432662964,100
19.680120944976807,100
19.714532613754272,100
19.77097988128662,100
19.80144214630127,100
19.835728645324707,100
19.87316393852234,100
19.91203784942627,100
19.951301097869873,100
19.99119544029236,101
20.02443528175354,101
20.06248188018799,101
20.09764862060547,101
20.130724906921387,101
20.165465831756592,102
20.199594736099243,102
20.239453077316284,102
20.273361921310425,102
20.3033185005188,103
20.341439723968506,103
20.37021017074585,103
20.406150579452515,103
20.442635536193848,103
20.47445774078369,103
20.505428075790405,103
20.542449712753296,103
20.574708938598633,103
20.612513303756714,103
20.647529125213623,103
20.67685627937317,104
20.709165811538696,105
20.736232042312622,105
20.77033305168152,105
20.799879550933838,107
20.8327534198761,107
20.86577844619751,107
20.899051427841187,107
20.931490659713745,107
20.961657762527466,107
20.993284225463867,108
21.026560068130493,108
21.056943893432617,108
21.085615873336792,108
21.118476152420044,108
21.15149998664856,108
21.178058385849,108
21.21275019645691,108
21.243311643600464,109
21.2798855304718,109
21.315569639205933,109
21.34740686416626,109
21.382920742034912,109
21.413177251815796,109
21.448457717895508,109
21.481248378753662,109
21.511691093444824,109
21.5505633354187,109
21.585967540740967,109
21.6199369430542,109
21.65293598175049,109
21.68287944793701,109
21.71420121192932,111
21.743091106414795,111
21.775447368621826,111
21.804591178894043,111
21.83461856842041,111
21.863738536834717,111
21.889544248580933,111
21.919901609420776,111
21.95199489593506,111
21.982017278671265,111
22.009194135665894,113
22.040255784988403,113
22.067322731018066,113
22.095500946044922,113
22.12318730354309,113
22.149855852127075,113
22.177045583724976,113
22.209867477416992,113
22.240508794784546,113
22.26744246482849,113
22.293514013290405,113
22.324918031692505,113
22.351842164993286,113
22.38310718536377,113
22.409454107284546,113
22.4409761428833,114
22.463907480239868,114
22.495180368423462,115
22.520482540130615,115
22.54594397544861,115
22.57593584060669,115
22.603381395339966,115
22.62981605529785,115
22.65979504585266,116
22.68699288368225,116
22.71274995803833,116
22.742729425430298,116
22.76346492767334,116
22.78687334060669,116
22.814354181289673,116
22.844579935073853,116
22.873639583587646,116
22.903707265853882,116
22.953086853027344,116
23.01687788963318,117
23.050393104553223,117
23.0786714553833,117
23.100292921066284,117
23.13077473640442,117
23.1575448513031,117
23.18160629272461,117
23.2101788520813,117
23.23237180709839,117
23.260040760040283,117
23.284866094589233,117
23.310847282409668,117
23.337692499160767,117
23.375887393951416,118
23.399522304534912,118
23.424131155014038,118
23.456587553024292,118
23.47719097137451,118
23.498042345046997,118
23.52791690826416,118
23.550215482711792,118
23.578213214874268,118
23.603548288345337,118
23.642998933792114,118
23.69254159927368,118
23.714915990829468,119
23.74140214920044,119
23.76071524620056,119
23.78827166557312,119
23.807520151138306,119
23.829870223999023,119
23.856119394302368,119
23.87758159637451,119
23.896254539489746,119
23.919851303100586,119
23.94357419013977,120
23.963098287582397,120
23.988067150115967,120
24.014164686203003,120
24.03426218032837,120
24.060494899749756,120
24.082274436950684,120
24.100573301315308,120
24.12672519683838,120
24.147340297698975,120
24.16444182395935,120
24.183892488479614,120
24.207633018493652,120
24.227333784103394,120
24.248225688934326,120
24.27207612991333,121
24.28988790512085,121
24.31038808822632,121
24.32988715171814,121
24.35023546218872,122
24.3675799369812,122
24.39022421836853,122
24.41159200668335,122
24.43321180343628,122
24.455183506011963,122
24.47622799873352,122
24.497337341308594,122
24.520407676696777,122
24.537395000457764,122
24.558008193969727,122
24.576970100402832,122
24.60228443145752,123
24.62190270423889,123
24.640233755111694,123
24.66215682029724,123
24.680699110031128,123
24.701875925064087,124
24.723132371902466,124
24.742363452911377,124
24.76117968559265,124
24.77613592147827,124
24.79596734046936,124
24.816429376602173,124
24.834883451461792,124
24.855528116226196,124
24.874664545059204,124
24.894593715667725,125
24.912198543548584,125
24.929853677749634,125
24.947248697280884,125
24.965967893600464,125
24.979904890060425,125
25.00229239463806,125
25.023370265960693,125
25.03935956954956,125
25.057926893234253,125
25.076348781585693,125
25.09522771835327,126
25.111868619918823,126
25.129680395126343,126
25.146848678588867,126
25.162137508392334,126
25.17684841156006,126
25.193655729293823,126
25.21301245689392,126
25.229129552841187,126
25.245787382125854,126
25.270573616027832,126
25.284016847610474,126
25.296679258346558,126
25.314560413360596,126
25.330796718597412,126
25.346092462539673,126
25.358163595199585,126
25.370031118392944,126
25.381369590759277,126
25.396822452545166,126
25.413535356521606,126
25.430883169174194,126
25.444552659988403,126
25.461585760116577,126
25.478718519210815,126
25.495291471481323,126
25.507758378982544,126
25.525563716888428,126
25.541014194488525,126
25.55587673187256,126
25.56721305847168,126
25.579063892364502,126
25.59432101249695,126
25.61041831970215,127
25.62337875366211,127
25.63825035095215,127
25.652089595794678,127
25.666690349578857,127
25.677809715270996,127
25.68911576271057,127
25.70208239555359,127
25.719082832336426,127
25.733164310455322,127
25.745601415634155,127
25.76041293144226,127
25.77501678466797,127
25.79004406929016,127
25.805745124816895,127
25.818690061569214,127
25.83170771598816,127
25.848408222198486,127
25.86715579032898,127
25.882683992385864,127
25.895300149917603,127
25.910486936569214,127
25.927348613739014,127
25.942649364471436,127
25.95427894592285,127
25.96538257598877,127
25.97670078277588,127
25.991729974746704,127
26.00774621963501,127
26.022782802581787,127
26.037294626235962,127
26.049586534500122,127
26.06409740447998,127
26.079134225845337,127
26.092582941055298,127
26.106297731399536,128
26.12261939048767,129
26.135810613632202,129
26.149123668670654,129
26.16215705871582,129
26.172576904296875,129
26.18849802017212,129
26.19808006286621,129
26.213129997253418,129
26.223209619522095,129
26.234357357025146,129
26.245721101760864,130
26.258901834487915,131
26.270649909973145,131
26.280145406723022,131
26.298189401626587,131
26.31338095664978,131
26.327179431915283,132
26.34127187728882,132
26.35016369819641,132
26.363289833068848,132
26.375147581100464,132
26.38822841644287,132
26.396899938583374,132
26.41162347793579,132
26.420878410339355,132
26.42902708053589,132
26.44758892059326,132
26.469476222991943,132
26.481504917144775,132
26.49092698097229,133
26.50083589553833,133
26.51473379135132,133
26.527189254760742,133
26.53601312637329,133
26.54424738883972,133
26.55579376220703,133
26.563353776931763,133
26.575079679489136,134
26.584062814712524,134
26.59513020515442,134
26.6048321723938,134
26.61284112930298,134
26.624677419662476,134
26.643607139587402,134
26.657586336135864,134
26.66664743423462,134
26.67789053916931,134
26.690781831741333,134
26.699388027191162,134
26.71072769165039,134
26.723875761032104,134
26.733530521392822,134
26.744995832443237,134
26.754778623580933,134
26.762370824813843,134
26.770755290985107,134
26.778772830963135,134
26.79077982902527,134
26.800095558166504,134
26.81257939338684,134
26.823586225509644,134
26.831653594970703,134
26.839800119400024,134
26.84855031967163,135
26.8632230758667,135
26.875550270080566,135
26.88839054107666,135
26.898748874664307,135
26.91109561920166,135
26.921791553497314,135
26.930001497268677,135
26.940948724746704,135
26.950763940811157,135
26.96386742591858,135
26.97365427017212,135
26.98323893547058,135
26.993780851364136,135
27.005521297454834,135
27.01573944091797,135
27.0283522605896,135
27.036999225616455,135
27.044699907302856,135
27.059496879577637,135
27.0737144947052,135
27.092611074447632,135
27.10054087638855,135
27.108631372451782,135
27.1180157661438,135
27.127870082855225,135
27.14083766937256,135
27.149234771728516,135
27.160911083221436,135
27.173024654388428,135
27.181121587753296,135
27.189200162887573,135
27.19793725013733,135
27.21984601020813,135
27.241846323013306,135
27.265709400177002,135
27.276366710662842,135
27.284298419952393,135
27.291484117507935,135
27.301069021224976,135
27.310262441635132,135
27.321742296218872,135
27.329099655151367,135
27.33692979812622,135
27.344232082366943,135
27.355618715286255,135
27.363139867782593,135
27.371373891830444,135
27.379802703857422,135
27.39055585861206,135
27.39915943145752,135
27.411290884017944,135
27.422682523727417,135
27.43004608154297,135
27.4412522315979,135
27.449734449386597,135
27.45992350578308,135
27.46804451942444,135
27.475837469100952,135
27.48361611366272,135
27.492600202560425,135
27.503857135772705,135
27.51223111152649,135
27.526378393173218,135
27.53598117828369,135
27.546401262283325,135
27.555527925491333,135
27.56283211708069,135
27.57079815864563,135
27.578276872634888,135
27.590271472930908,135
27.597742557525635,135
27.609190225601196,135
27.616689443588257,135
27.624561071395874,135
27.632623434066772,135
27.643237113952637,135
27.654703855514526,135
27.661919355392456,135
27.670069456100464,135
27.677185773849487,135
27.688823461532593,135
27.696271657943726,135
27.70730996131897,135
27.715684413909912,135
27.72610569000244,135
27.73482584953308,135
27.74191188812256,135
27.75355315208435,135
27.760780096054077,135
27.769634008407593,135
27.776713132858276,135
27.789778232574463,135
27.800345420837402,135
27.811604022979736,135
27.824698448181152,135
27.838667154312134,135
27.856770038604736,135
27.87602472305298,135
27.898327589035034,135
27.918108463287354,135
27.93605399131775,135
27.952986478805542,135
27.96268916130066,135
27.974660634994507,135
27.984058141708374,135
28.000469207763672,135
28.01183319091797,135
28.02317500114441,135
28.031664848327637,135
28.04218292236328,135
28.049832105636597,135
28.057472229003906,135
28.064653396606445,135
28.075756788253784,135
28.082977294921875,135
28.09080696105957,135
28.105700254440308,135
28.123874187469482,135
28.140216827392578,135
28.158141613006592,135
28.16973042488098,135
28.191093921661377,135
28.21057438850403,135
28.228782892227173,135
28.24986433982849,135
28.269344568252563,135
28.289922952651978,135
28.305859088897705,135
28.328783988952637,135
28.34422755241394,135
28.356661319732666,135
28.369861364364624,135
28.396496534347534,135
28.408889293670654,135
28.425854444503784,135
28.440070152282715,135
28.457016229629517,135
28.468058109283447,135
28.47723889350891,135
28.4883451461792,135
28.495878219604492,135
28.512940168380737,135
28.531333923339844,135
28.54546046257019,135
28.558728218078613,135
28.574228048324585,135
28.58719563484192,135
28.597777843475342,135
28.61574959754944,135
28.636455059051514,136
28.655471086502075,136
28.666402101516724,136
28.67647385597229,136
28.69221544265747,136
28.70830798149109,136
28.72261691093445,136
28.737579345703125,136
28.75807213783264,136
28.771650552749634,136
28.79058837890625,136
28.80944013595581,136
28.820542573928833,136
28.8336079120636,136
28.847576141357422,136
28.865943431854248,136
28.89055848121643,136
28.907153367996216,136
28.91988253593445,136
28.930588960647583,136
28.939204216003418,136
28.952758073806763,136
28.96198582649231,136
28.971341609954834,136
28.979583740234375,136
28.991885900497437,136
29.002381324768066,136
29.017625331878662,136
29.027867317199707,136
29.04116988182068,136
29.051961660385132,136
29.06291103363037,136
29.08011293411255,136
29.099612951278687,136
29.11575484275818,136
29.127923727035522,136
29.13639736175537,136
29.14628839492798,136
29.154537439346313,136
29.16153120994568,136
29.169166564941406,136
29.176037549972534,136
29.18525218963623,136
29.196146488189697,136
29.20972442626953,136
29.218156814575195,136
29.226478815078735,136
29.23455548286438,136
29.241594076156616,136
29.253785848617554,136
29.26922917366028,136
29.27670383453369,136
29.28774118423462,136
29.298130989074707,136
29.306529760360718,136
29.31452965736389,136
29.324400424957275,136
29.333961009979248,136
29.34406566619873,136
29.352308988571167,136
29.35882306098938,136
29.366066455841064,136
29.37693190574646,136
29.38389778137207,136
29.39193105697632,136
29.409908056259155,136
29.424758672714233,136
29.43832230567932,136
29.453334093093872,136
29.468711853027344,136
29.482176303863525,136
29.497863292694092,136
29.509222507476807,136
29.52692198753357,136
29.54488468170166,136
29.562800884246826,136
29.572920560836792,136
29.585559368133545,136
29.59726357460022,136
29.608962774276733,136
29.618913173675537,136
29.62623929977417,137
29.638131618499756,137
29.64967632293701,137
29.669495344161987,137
29.683154344558716,137
29.693487882614136,137
29.708558559417725,137
29.717867136001587,137
29.731625080108643,137
29.749112606048584,137
29.771416425704956,137
29.7838134765625,137
29.7914035320282,137
29.803689002990723,137
29.81389355659485,137
29.829548120498657,137
29.851169109344482,137
29.871891736984253,137
29.889355897903442,137
29.906191110610962,137
29.931708335876465,137
29.947648286819458,137
29.966529369354248,137
29.990654945373535,137
30.004022121429443,137
30.019387006759644,137
30.036951065063477,137
30.055721044540405,137
30.069128274917603,137
30.080602645874023,137
30.1034414768219,137
30.12396264076233,137
30.142540454864502,137
30.15434455871582,137
30.173300743103027,137
30.18122363090515,137
30.196516275405884,137
30.21109652519226,137
30.219605207443237,137
30.226291179656982,137
30.23936152458191,137
30.248493909835815,137
30.260640382766724,137
30.27848744392395,137
30.290703058242798,137
30.303677797317505,137
30.317986726760864,137
30.33399271965027,137
30.356427669525146,137
30.37547469139099,137
30.391057014465332,137
30.410650968551636,137
30.431265830993652,137
30.450352668762207,137
30.46753692626953,137
30.48402452468872,137
30.499348640441895,137
30.510115146636963,137
30.5480215549469,137
30.564250230789185,137
30.580857753753662,137
30.595585107803345,137
30.608800649642944,137
30.623028993606567,137
30.642178535461426,137
30.66722059249878,137
30.69088315963745,137
30.70547652244568,137
30.719613075256348,137
30.735358476638794,137
30.7540066242218,137
30.77267622947693,137
30.787771940231323,137
30.802186250686646,137
30.816700220108032,137
30.835421323776245,137
30.853774547576904,137
30.871267795562744,137
30.88861083984375,137
30.90658712387085,137
30.92237424850464,137
30.931228637695312,137
30.950507164001465,137
30.97142243385315,137
30.99122643470764,137
31.007489442825317,137
31.017247438430786,137
31.039756298065186,137
31.0569429397583,137
31.065917491912842,137
31.073732376098633,137
31.080702543258667,137
31.096323490142822,137
31.11414885520935,137
31.124988079071045,137
31.139636993408203,137
31.15708065032959,137
31.16517186164856,137
31.1771821975708,137
31.192415237426758,137
31.203031063079834,137
31.217822551727295,137
31.22805094718933,137
31.23615860939026,137
31.24299669265747,137
31.255593061447144,137
31.27304768562317,137
31.281105041503906,137
31.288472175598145,137
31.29599165916443,137
31.31124234199524,137
31.324222326278687,137
31.335864305496216,137
31.35531258583069,137
31.3713641166687,137
31.381874799728394,137
31.394193172454834,137
31.40638756752014,137
31.421241998672485,137
31.428009748458862,137
31.441771745681763,137
31.448684453964233,137
31.45832133293152,137
31.471665382385254,137
31.478287935256958,137
31.4897780418396,137
31.497140169143677,137
31.508702754974365,137
31.515789031982422,137
31.523651361465454,138
31.52988839149475,138
31.541633129119873,138
31.548386573791504,138
31.56066608428955,138
31.575504779815674,138
31.582147121429443,138
31.58865261077881,138
31.594677448272705,138
31.605124473571777,138
31.611632347106934,138
31.625129461288452,138
31.63380241394043,138
31.643126487731934,138
31.68510627746582,138
31.703154802322388,138
31.713937282562256,138
31.724164724349976,139
31.741195678710938,139
31.756383657455444,139
31.76861071586609,139
31.7827410697937,139
31.79436731338501,139
31.8002450466156,139
31.811036586761475,139
31.821930646896362,139
31.82917547225952,139
31.83967661857605,139
31.845362424850464,139
31.85945963859558,139
31.865774631500244,139
31.874444723129272,139
31.882188081741333,139
31.8925518989563,139
31.90165686607361,139
31.912697315216064,139
31.92655658721924,139
31.93302273750305,139
31.939150094985962,139
31.944485902786255,139
31.95482063293457,139
31.96050763130188,139
31.970149517059326,139
31.975996732711792,139
31.984471082687378,139
31.99360179901123,139
32.00122570991516,139
32.00683069229126,139
32.01261830329895,139
32.02254271507263,139
32.028292417526245,139
32.03795623779297,139
32.04462242126465,139
32.05583095550537,139
32.061975955963135,139
32.06955122947693,139
32.075419425964355,139
32.0844566822052,139
32.093597412109375,139
32.10214161872864,139
32.110970973968506,139
32.122666120529175,139
32.128480434417725,139
32.1392080783844,139
32.14487910270691,139
32.1568558216095,139
32.16306519508362,139
32.169878244400024,139
32.17575120925903,139
32.18277311325073,139
32.19317269325256,139
32.204017877578735,139
32.20964503288269,139
32.22010564804077,139
32.226980209350586,139
32.23551630973816,139
32.24387311935425,139
32.25071573257446,139
32.25625133514404,139
32.26215124130249,139
32.268263816833496,139
32.27387881278992,139
32.27981090545654,139
32.28911781311035,139
32.29745435714722,139
32.308149337768555,139
32.31417989730835,139
32.325138330459595,139
32.3315908908844,139
32.3381073474884,139
32.34402108192444,139
32.350735664367676,139
32.35672307014465,139
32.36293578147888,139
32.37346696853638,139
32.38006091117859,139
32.39023280143738,139
32.39769220352173,139
32.40817594528198,139
32.41435623168945,139
32.42207050323486,139
32.42747688293457,139
32.434048891067505,139
32.43964219093323,139
32.44503164291382,139
32.45653009414673,139
32.46257829666138,139
32.4731023311615,139
32.479398250579834,139
32.49045491218567,139
32.4974308013916,139
32.50419211387634,139
32.509647607803345,139
32.51543855667114,139
32.523117780685425,139
32.528730154037476,139
32.541181802749634,139
32.548388719558716,139
32.55799412727356,139
32.56387495994568,139
32.57007884979248,139
32.57638478279114,139
32.585126638412476,139
32.592329263687134,139
32.60263633728027,139
32.61140203475952,139
32.62175416946411,139
32.62733483314514,139
32.63580298423767,139
32.64448261260986,139
32.65075087547302,139
32.6564257144928,139
32.66196393966675,139
32.66823625564575,139
32.67436671257019,139
32.68273901939392,139
32.69149088859558,139
32.69855856895447,139
32.71060061454773,139
32.7215690612793,139
32.72936177253723,139
32.73619079589844,139
32.742427349090576,139
32.75307369232178,139
32.76133918762207,139
32.76831817626953,139
32.774842739105225,139
32.782228231430054,139
32.79180598258972,139
32.80137515068054,139
32.81492519378662,139
32.8280565738678,139
32.838372230529785,139
32.84447693824768,139
32.85630464553833,139
32.864577293395996,139
32.874473094940186,139
32.88163495063782,139
32.892945289611816,139
32.90024662017822,139
32.90804886817932,139
32.91561937332153,139
32.923882484436035,139
32.932518005371094,139
32.94526982307434,139
32.95749282836914,139
32.96479940414429,139
32.975900173187256,139
32.9833869934082,139
32.99001336097717,139
32.998018980026245,139
33.00922727584839,139
33.02047252655029,139
33.02730846405029,139
33.03953981399536,139
33.04648756980896,139
33.05661940574646,139
33.0636785030365,139
33.070719480514526,139
33.077451944351196,139
33.08873009681702,139
33.09539818763733,139
33.10712814331055,139
33.1155641078949,139
33.12432312965393,139
33.13642621040344,139
33.147796869277954,139
33.15581822395325,139
33.16432309150696,139
33.17833757400513,139
33.19099473953247,139
33.20101761817932,139
33.21068739891052,139
33.21794152259827,139
33.22581744194031,139
33.235129594802856,139
33.249160289764404,139
33.260173320770264,139
33.27080726623535,139
33.27749800682068,139
33.2896511554718,139
33.29659295082092,139
33.30357789993286,139
33.31070113182068,139
33.31790256500244,139
33.326271295547485,139
33.33582091331482,139
33.34515571594238,139
33.35588026046753,139
33.36315369606018,139
33.373589754104614,139
33.380592346191406,139
33.38796091079712,139
33.39493489265442,139
33.40542244911194,139
33.41227054595947,139
33.42503213882446,139
33.43625068664551,139
33.444500207901,139
33.45597743988037,139
33.462974548339844,139
33.472941637039185,139
33.47940731048584,139
33.48664903640747,139
33.492812395095825,139
33.500638008117676,139
33.51139044761658,139
33.5194878578186,139
33.527337074279785,139
33.5393590927124,139
33.54900240898132,139
33.563093423843384,139
33.57282495498657,139
33.581058740615845,139
33.58894109725952,139
33.5958616733551,139
33.606484174728394,139
33.614662885665894,139
33.62542915344238,139
33.63689565658569,139
33.64633631706238,139
33.65378737449646,139
33.66337060928345,139
33.670525789260864,139
33.67817163467407,139
33.690452098846436,139
33.697166204452515,139
33.70856285095215,139
33.716148138046265,139
33.722384452819824,139
33.72881531715393,139
33.74191093444824,139
33.74957895278931,139
33.760024070739746,139
33.77222967147827,139
33.77891492843628,139
33.78564643859863,139
33.79169511795044,139
33.802107095718384,139
33.81071615219116,139
33.821330308914185,139
33.82771825790405,139
33.84077548980713,139
33.85063171386719,139
33.8599157333374,139
33.8672616481781,139
33.873724699020386,139
33.88322854042053,139
33.89254593849182,139
33.902100801467896,139
33.91237163543701,139
33.92197108268738,139
33.92875528335571,139
33.94418430328369,139
33.95712327957153,139
33.96765470504761,139
33.97668719291687,139
33.984118938446045,139
33.991036891937256,139
33.999433755874634,139
34.008912086486816,139
34.01887822151184,139
34.027907371520996,139
34.036749601364136,139
34.04970145225525,139
34.05977654457092,139
34.06737565994263,139
34.07367968559265,139
34.08633351325989,139
34.09256052970886,139
34.10084104537964,139
34.110350370407104,139
34.12286686897278,139
34.130629777908325,139
34.14173603057861,139
34.15244507789612,139
34.160788774490356,139
34.171940326690674,139
34.179333448410034,139
34.18992805480957,139
34.19717025756836,139
34.20759916305542,139
34.217233419418335,139
34.22649025917053,139
34.23405337333679,139
34.24048852920532,139
34.249841928482056,139
34.26104497909546,139
34.2683162689209,139
34.275121450424194,139
34.285075664520264,139
34.29260778427124,139
34.301591873168945,139
34.31071662902832,139
34.3239004611969,139
34.3306941986084,139
34.338088274002075,139
34.34437012672424,139
34.35840725898743,139
34.36485981941223,139
34.37234687805176,139
34.37955617904663,139
34.389955282211304,139
34.39921808242798,139
34.408369302749634,139
34.41777038574219,139
34.427478313446045,139
34.438833475112915,139
34.44542169570923,139
34.45657682418823,139
34.46310639381409,139
34.46996021270752,139
34.476104497909546,139
34.48614549636841,139
34.49244141578674,139
34.504637479782104,139
34.51109981536865,139
34.52362585067749,139
34.530338764190674,139
34.53802418708801,139
34.544334173202515,139
34.55229115486145,139
34.56098914146423,139
34.573946714401245,139
34.58284521102905,139
34.59426546096802,139
34.60658311843872,139
34.613194704055786,139
34.619887828826904,139
34.62599563598633,139
34.63293933868408,139
34.63947415351868,139
34.64537024497986,139
34.65780997276306,139
34.66642642021179,139
34.67532706260681,139
34.68620300292969,139
34.69351124763489,139
34.70035195350647,139
34.706605672836304,139
34.714536905288696,139
34.726223945617676,139
34.73340201377869,139
34.739359855651855,139
34.745763540267944,139
34.7524688243866,139
34.758718490600586,139
34.76829648017883,139
34.777193546295166,139
34.7888069152832,139
34.7952675819397,139
34.807087659835815,139
34.81367015838623,139
34.820626735687256,139
34.82699465751648,139
34.83403134346008,139
34.8402533531189,139
34.84720039367676,139
34.85782480239868,139
34.86591935157776,139
34.87543797492981,139
34.88184332847595,139
34.88757801055908,139
34.893099784851074,139
34.90451669692993,139
34.91034817695618,139
34.919299840927124,139
34.92785358428955,139
34.93421769142151,139
34.93985199928284,139
34.945719957351685,139
34.952635526657104,139
34.958439111709595,139
34.96708869934082,139
34.97783184051514,139
34.989914417266846,139
34.99730610847473,139
35.00862121582031,139
35.01570439338684,139
35.021363973617554,139
35.027008295059204,139
35.03381299972534,139
35.03975558280945,139
35.04774856567383,139
35.05757188796997,139
35.06354522705078,139
35.07576274871826,139
35.08547234535217,139
35.09246230125427,139
35.09858417510986,139
35.10470986366272,139
35.110119342803955,139
35.12243127822876,139
35.129021406173706,139
35.13508892059326,139
35.141711950302124,139
35.14753746986389,139
35.15441012382507,139
35.15993022918701,139
35.17136573791504,139
35.17954921722412,139
35.189067125320435,139
35.1953330039978,139
35.206279277801514,139
35.21241044998169,139
35.21857047080994,139
35.22416877746582,139
35.23126244544983,139
35.24253559112549,139
35.24934411048889,139
35.25497531890869,139
35.26089119911194,139
35.26819181442261,139
35.27426075935364,139
35.28694272041321,139
35.29292011260986,139
35.304441928863525,139
35.31118822097778,139
35.32302975654602,139
35.32939314842224,139
35.33595323562622,139
35.343483209609985,139
35.35072588920593,139
35.356632709503174,139
35.364417552948,139
35.375317335128784,139
35.38526701927185,139
35.394633054733276,139
35.4021098613739,139
35.40808343887329,139
35.418577432632446,139
35.42577385902405,139
35.43714427947998,139
35.44327259063721,139
35.45397758483887,139
35.45985269546509,139
35.46637988090515,139
35.472184896469116,139
35.4786274433136,139
35.48975706100464,139
35.49611830711365,139
35.50661325454712,139
35.512919187545776,139
35.51949620246887,139
35.52531313896179,139
35.53517460823059,139
35.544026374816895,139
35.55528497695923,139
35.56153750419617,139
35.57182502746582,139
35.57823634147644,139
35.587955951690674,139
35.594051122665405,139
35.60655236244202,139
35.61528968811035,139
35.62563467025757,139
35.632817029953,139
35.644376277923584,139
35.651880979537964,139
35.65842366218567,139
35.66570544242859,139
35.67254281044006,139
35.67930340766907,139
35.69126534461975,139
35.69946765899658,139
35.70816135406494,139
35.71824526786804,139
35.726868629455566,139
35.734052658081055,139
35.73995614051819,139
35.74590063095093,139
35.752296686172485,139
35.75984334945679,139
35.769590854644775,139
35.782695055007935,139
35.79185223579407,139
35.80387282371521,139
35.811113119125366,139
35.819029569625854,139
35.824806690216064,139
35.836753129959106,139
35.84428095817566,139
35.85084319114685,139
35.85685873031616,139
35.86278319358826,139
35.869102001190186,139
35.87494897842407,139
35.88582801818848,139
35.89439034461975,139
35.90536117553711,139
35.912436962127686,139
35.92407202720642,139
35.93047618865967,139
35.93713617324829,139
35.94302248954773,139
35.955185413360596,139
35.96152973175049,139
35.97196578979492,139
35.97911977767944,139
35.99005150794983,139
36.003472089767456,139
36.0120165348053,139
36.02041745185852,139
36.02698040008545,139
36.03541326522827,139
36.04157114028931,139
36.05234479904175,139
36.06095623970032,139
36.07152605056763,139
36.077436685562134,139
36.083961486816406,139
36.08988308906555,139
36.09625291824341,139
36.107107400894165,139
36.11458206176758,139
36.121180057525635,139
36.12811851501465,139
36.13975167274475,139
36.149627685546875,139
36.15889525413513,139
36.16800498962402,139
36.1773202419281,139
36.18810415267944,139
36.19712805747986,139
36.20901560783386,139
36.21817445755005,139
36.22362303733826,139
36.22927975654602,139
36.235504150390625,139
36.242504596710205,139
36.251792669296265,139
36.26068663597107,139
36.27048993110657,139
36.278703689575195,139
36.29013967514038,139
36.29605269432068,139
36.303990602493286,139
36.31108474731445,139
36.317139863967896,139
36.32273077964783,139
36.328508377075195,139
36.338940382003784,139
36.345353841781616,139
36.35553574562073,139
36.36128807067871,139
36.37149405479431,139
36.377211570739746,139
36.38345503807068,139
36.388930797576904,139
36.394609451293945,139
36.405500411987305,139
36.412227630615234,139
36.424405574798584,139
36.43027663230896,139
36.437729358673096,139
36.44333219528198,139
36.453442096710205,139
36.463008403778076,139
36.47234082221985,139
36.478111743927,139
36.48835563659668,139
36.49436068534851,139
36.501708030700684,139
36.5115966796875,139
36.518579721450806,139
36.52452540397644,139
36.53390955924988,139
36.54356837272644,139
36.555171489715576,139
36.56112885475159,139
36.571921586990356,139
36.57801342010498,139
36.58492398262024,139
36.59061360359192,139
36.597901821136475,139
36.607131481170654,139
36.617156744003296,139
36.62569212913513,139
36.631614685058594,139
36.638304471969604,139
36.64419174194336,139
36.65560245513916,139
36.66158890724182,139
36.67091369628906,139
36.67671799659729,139
36.68931579589844,139
36.69536256790161,139
36.70139670372009,139
36.70693039894104,139
36.71514558792114,139
36.72076225280762,139
36.72638750076294,139
36.738630056381226,139
36.74494695663452,139
36.75220203399658,139
36.76169204711914,139
36.77076196670532,139
36.77748346328735,139
36.787097692489624,139
36.79298377037048,139
36.800063371658325,139
36.80657124519348,139
36.8153235912323,139
36.82823324203491,139
36.83930850028992,139
36.84577393531799,139
36.8561589717865,139
36.86405372619629,139
36.87513709068298,139
36.88270807266235,139
36.892223834991455,139
36.898539781570435,139
36.904093503952026,139
36.909568786621094,139
36.91776895523071,139
36.92331099510193,139
36.930755853652954,139
36.94086050987244,139
36.94954776763916,139
36.95757079124451,139
36.96569061279297,139
36.9732403755188,139
36.978753328323364,139
36.984511852264404,139
36.98979830741882,139
36.995261669158936,139
37.00459933280945,139
37.01030254364014,139
37.02241635322571,139
37.03241443634033,139
37.04245901107788,139
37.049044370651245,139
37.0545871257782,139
37.060184717178345,139
37.06958723068237,139
37.075321197509766,139
37.08114957809448,139
37.08722734451294,139
37.09276556968689,139
37.10096216201782,139
37.109535694122314,139
37.12090611457825,139
37.12743020057678,139
37.13690805435181,139
37.14298677444458,139
37.15331673622131,139
37.159528493881226,139
37.17096948623657,139
37.176753282547,139
37.18679213523865,139
37.19231843948364,139
37.199896812438965,139
37.20847415924072,139
37.21983790397644,139
37.22658324241638,139
37.23289155960083,139
37.23837423324585,139
37.24402165412903,139
37.255266189575195,139
37.26141858100891,139
37.26733684539795,139
37.273102045059204,139
37.27918195724487,139
37.28822207450867,139
37.2940936088562,139
37.304407596588135,139
37.311421394348145,139
37.32099461555481,139
37.327361822128296,139
37.33738374710083,139
37.34355330467224,139
37.35076284408569,139
37.356279134750366,139
37.3668475151062,139
37.37666416168213,139
37.38600039482117,139
37.39179444313049,139
37.4008846282959,139
37.40794920921326,139
37.41833281517029,139
37.42534518241882,139
37.435638427734375,139
37.441460371017456,139
37.451120138168335,139
37.45951867103577,139
37.47037959098816,139
37.476300954818726,139
37.49006915092468,139
37.49663472175598,139
37.50355625152588,139
37.50970458984375,139
37.52081871032715,139
37.52645301818848,139
37.53470468521118,139
37.54062747955322,139
37.54897332191467,139
37.55759906768799,139
37.56390190124512,139
37.570133447647095,139
37.57633972167969,139
37.586379528045654,139
37.592867851257324,139
37.60351824760437,139
37.60983872413635,139
37.6207799911499,139
37.62713098526001,139
37.63417434692383,139
37.64035153388977,139
37.648669719696045,139
37.65806794166565,139
37.66464304924011,139
37.67077374458313,139
37.67634201049805,139
37.68711876869202,139
37.69289016723633,139
37.70335555076599,139
37.70911717414856,139
37.720306634902954,139
37.72634410858154,139
37.733211517333984,139
37.74031901359558,139
37.74674320220947,139
37.753090143203735,139
37.75868058204651,139
37.769646406173706,139
37.77521252632141,139
37.786423444747925,139
37.79205083847046,139
37.80210852622986,139
37.80803465843201,139
37.815134048461914,139
37.820345640182495,139
37.82553052902222,139
37.834195613861084,139
37.84356355667114,139
37.85119342803955,139
37.85653519630432,139
37.862090826034546,139
37.869396448135376,139
37.87472748756409,139
37.881598711013794,139
37.890748739242554,139
37.89804744720459,139
37.90731859207153,139
37.91500973701477,139
37.92308068275452,139
37.92882466316223,139
37.93467926979065,139
37.94064950942993,139
37.94837498664856,139
37.95408487319946,139
37.95932936668396,139
37.96896719932556,139
37.97544884681702,139
37.98558807373047,139
37.99138879776001,139
38.002843618392944,139
38.00910544395447,139
38.015695095062256,139
38.02089238166809,139
38.02602791786194,139
38.037052154541016,139
38.0442271232605,139
38.05073523521423,139
38.05568742752075,139
38.0609564781189,139
38.06659126281738,139
38.071547985076904,139
38.076658725738525,139
38.08563709259033,139
38.09080696105957,139
38.09816575050354,139
38.10524082183838,139
38.11072301864624,140
38.12186408042908,140
38.12665629386902,140
38.13209295272827,140
38.136752128601074,140
38.14125871658325,140
38.1488893032074,140
38.15368962287903,140
38.158369302749634,140
38.167423725128174,140
38.17370557785034,140
38.18145513534546,140
38.189133167266846,140
38.19452381134033,140
38.202903032302856,140
38.20935368537903,140
38.21552038192749,140
38.22011637687683,140
38.22461295127869,140
38.22961497306824,140
38.23499655723572,140
38.239535093307495,140
38.244203329086304,140
38.25429964065552,140
38.26218867301941,140
38.27062773704529,140
38.275365591049194,140
38.283074617385864,140
38.29065752029419,140
38.295515298843384,140
38.301021575927734,140
38.30565595626831,140
38.31058621406555,140
38.31636595726013,140
38.32102656364441,140
38.32585883140564,140
38.33367848396301,140
38.34121513366699,140
38.34975457191467,140
38.358729124069214,140
38.36731576919556,140
38.372127532958984,140
38.37689828872681,140
38.38640880584717,140
38.39138889312744,140
38.39888620376587,140
38.40658640861511,140
38.411813497543335,140
38.41752743721008,140
38.422476053237915,140
38.42757868766785,140
38.43321871757507,140
38.438058614730835,140
38.443030834198,140
38.45091247558594,140
38.46181583404541,140
38.471110820770264,140
38.4761757850647,140
38.48237991333008,140
38.48716855049133,140
38.491838216781616,140
38.49999213218689,140
38.50769376754761,140
38.5125846862793,140
38.518585205078125,140
38.523128032684326,140
38.52834177017212,140
38.538543939590454,140
38.543662548065186,140
38.554062604904175,140
38.56203055381775,140
38.57022166252136,140
38.57512664794922,140
38.581616163253784,140
38.5866425037384,140
38.59118986129761,140
38.5982608795166,140
38.60627198219299,140
38.61236619949341,140
38.621278524398804,140
38.62641191482544,140
38.636988162994385,140
38.64233136177063,140
38.650938510894775,140
38.655768394470215,140
38.6608521938324,140
38.66728067398071,140
38.67192554473877,140
38.676687240600586,140
38.685314655303955,140
38.69006705284119,140
38.69621777534485,140
38.704609394073486,140
38.7093231678009,140
38.717872858047485,140
38.72384572029114,140
38.72885298728943,140
38.73426866531372,140
38.74218225479126,140
38.75121712684631,140
38.7593948841095,140
38.767621994018555,140
38.775373458862305,140
38.78339862823486,140
38.78935933113098,140
38.794774770736694,140
38.80395984649658,140
38.80893111228943,140
38.81436038017273,140
38.81898498535156,140
38.823609590530396,140
38.829479694366455,140
38.83738327026367,140
38.8420934677124,140
38.85113835334778,140
38.856542110443115,140
38.862488746643066,140
38.87135672569275,140
38.8761510848999,140
38.88534450531006,140
38.890170097351074,140
38.895620822906494,140
38.90499949455261,140
38.90986704826355,140
38.91673684120178,140
38.92138433456421,140
38.92604994773865,140
38.93471622467041,140
38.9424409866333,140
38.9524188041687,140
38.957268953323364,140
38.96237659454346,140
38.96769428253174,140
38.97382926940918,140
38.98173999786377,140
38.988075733184814,140
38.99259376525879,140
39.00130033493042,140
39.00647258758545,140
39.013120889663696,140
39.02176785469055,140
39.02637982368469,140
39.036577224731445,140
39.04159331321716,140
39.04773712158203,140
39.05257558822632,140
39.05759644508362,140
39.066184520721436,140
39.071370124816895,140
39.07776689529419,140
39.08646082878113,140
39.0912070274353,140
39.097895860672,140
39.10598421096802,140
39.111175775527954,140
39.11785888671875,140
39.12309908866882,140
39.12903666496277,140
39.138274908065796,140
39.14321994781494,140
39.15321469306946,140
39.158390283584595,140
39.16752314567566,140
39.172621965408325,140
39.17936134338379,140
39.18512272834778,140
39.189871311187744,140
39.19537353515625,140
39.20409393310547,140
39.209360122680664,140
39.2179000377655,140
39.22363567352295,140
39.22921419143677,140
39.23454475402832,140
39.23894143104553,140
39.24509000778198,140
39.25477838516235,140
39.25964903831482,140
39.26967644691467,140
39.27491354942322,140
39.285069704055786,140
39.29091835021973,140
39.29671311378479,140
39.3029088973999,140
39.307525873184204,140
39.31297707557678,140
39.318528175354004,140
39.32301378250122,140
39.32856822013855,140
39.337502241134644,140
39.34252214431763,140
39.35161828994751,140
39.358203649520874,140
39.36670279502869,140
39.37237286567688,140
39.37762761116028,140
39.38500452041626,140
39.39009475708008,140
39.39784550666809,140
39.40468239784241,140
39.41091966629028,140
39.42210102081299,140
39.427284479141235,140
39.435893535614014,140
39.44054818153381,140
39.44742679595947,140
39.45532274246216,140
39.46082544326782,140
39.47056269645691,140
39.47601056098938,140
39.48455357551575,140
39.49375104904175,140
39.50121831893921,140
39.506120681762695,140
39.511019229888916,140
39.517635345458984,140
39.5225715637207,140
39.527698040008545,140
39.53812003135681,140
39.54423999786377,140
39.554320335388184,140
39.559688091278076,140
39.56924533843994,140
39.57473063468933,140
39.58195686340332,140
39.588114976882935,140
39.59380912780762,140
39.60401511192322,140
39.609543800354004,140
39.61941576004028,140
39.6244752407074,140
39.632261753082275,140
39.63992404937744,140
39.64621067047119,140
39.65425086021423,140
39.65909934043884,140
39.66768503189087,140
39.67258334159851,140
39.67837333679199,140
39.68829870223999,140
39.69350504875183,140
39.70233392715454,140
39.70734524726868,140
39.71468758583069,140
39.722145080566406,140
39.727298974990845,140
39.73279595375061,140
39.73772692680359,140
39.742775440216064,140
39.748502016067505,140
39.75352430343628,140
39.75851130485535,140
39.768622159957886,140
39.773738384246826,140
39.781168699264526,140
39.792155742645264,140
39.797998905181885,140
39.803205490112305,140
39.8088481426239,140
39.81977558135986,140
39.82528638839722,140
39.83523440361023,140
39.84072709083557,140
39.84820580482483,140
39.85554790496826,140
39.86136770248413,140
39.869850873947144,140
39.875009298324585,140
39.88432550430298,140
39.89250588417053,140
39.89931917190552,140
39.9041428565979,140
39.909223556518555,140
39.91859292984009,140
39.923548221588135,140
39.93051505088806,140
39.939937591552734,140
39.94688892364502,140
39.95570182800293,140
39.961482524871826,140
39.97129511833191,140
39.976120710372925,140
39.985212326049805,140
39.99027371406555,140
39.99835824966431,140
40.00638008117676,140
40.011861085891724,140
40.02119731903076,140
40.02632260322571,140
40.035964012145996,140
40.041001319885254,140
40.05029511451721,140
40.05527329444885,140
40.06043100357056,140
40.06644010543823,140
40.07149386405945,140
40.07710242271423,140
40.08677840232849,140
40.09200406074524,140
40.0988564491272,140
40.10378861427307,140
40.10908079147339,140
40.11668562889099,140
40.12160873413086,140
40.126540184020996,140
40.13684415817261,140
40.142396211624146,140
40.15323352813721,140
40.160903453826904,140
40.17047691345215,140
40.17600703239441,140
40.18213772773743,140
40.18704390525818,140
40.19230079650879,140
40.199469327926636,140
40.20562815666199,140
40.21244430541992,140
40.22153043746948,140
40.22707462310791,140
40.236751317977905,140
40.24211573600769,140
40.25126814842224,140
40.2563042640686,140
40.26136565208435,140
40.2668821811676,140
40.27187180519104,140
40.27746605873108,140
40.286006450653076,140
40.291107177734375,140
40.29978346824646,140
40.308762311935425,140
40.31399393081665,140
40.31871509552002,141
40.323158502578735,141
40.3287193775177,141
40.3372802734375,141
40.34230875968933,141
40.350733518600464,141
40.35688018798828,141
40.36283087730408,141
40.37162518501282,141
40.37747359275818,141
40.38381242752075,141
40.388745069503784,141
40.39442324638367,141
40.40173959732056,141
40.41081714630127,141
40.41583061218262,141
40.420987367630005,141
40.42542243003845,141
40.43058657646179,141
40.43512177467346,141
40.43967938423157,141
40.44581627845764,141
40.453835010528564,141
40.45864129066467,141
40.46695566177368,141
40.47218298912048,141
40.47829270362854,141
40.48713135719299,141
40.4920597076416,141
40.49775409698486,141
40.50270080566406,141
40.50887894630432,141
40.51457738876343,141
40.51940393447876,141
40.52428579330444,141
40.53133296966553,141
40.541122913360596,141
40.550208568573,141
40.55750298500061,141
40.562405586242676,141
40.56856346130371,141
40.573238372802734,141
40.57890462875366,141
40.58800911903381,141
40.59258317947388,141
40.60250520706177,141
40.60890173912048,141
40.61438345909119,141
40.61914348602295,141
40.623788356781006,141
40.62876892089844,141
40.6341552734375,141
40.63877034187317,141
40.64450645446777,141
40.65310573577881,141
40.65795063972473,141
40.666626930236816,141
40.67189335823059,141
40.67728900909424,141
40.68658256530762,141
40.69144630432129,141
40.696834564208984,141
40.70153069496155,141
40.7061665058136,141
40.71236205101013,141
40.71779537200928,141
40.72233438491821,141
40.727885723114014,141
40.73674011230469,141
40.74170112609863,141
40.75204157829285,141
40.756638288497925,141
40.7650933265686,141
40.770686864852905,141
40.77540683746338,141
40.78095483779907,141
40.78635907173157,141
40.79089546203613,141
40.795827865600586,141
40.80120325088501,141
40.80595254898071,141
40.81409239768982,141
40.82248091697693,141
40.82856225967407,141
40.837727785110474,141
40.842387676239014,141
40.851550340652466,141
40.85657453536987,141
40.86179184913635,141
40.86768436431885,141
40.872745752334595,141
40.87918210029602,141
40.888030767440796,141
40.89304757118225,141
40.898579120635986,141
40.90331053733826,141
40.90794062614441,141
40.91429400444031,141
40.923344373703,141
40.93298268318176,141
40.94151449203491,141
40.95091533660889,141
40.95696759223938,141
40.965980052948,141
40.97187542915344,141
40.97678017616272,141
40.98395252227783,141
40.98914670944214,141
40.99419188499451,141
41.000407695770264,141
41.0055193901062,141
41.01076364517212,141
41.02209806442261,141
41.0279586315155,141
41.0372896194458,141
41.04213213920593,141
41.05068397521973,141
41.0555055141449,141
41.06049680709839,141
41.06554937362671,141
41.07017636299133,141
41.07455778121948,141
41.082244634628296,141
41.087467670440674,141
41.09222984313965,141
41.10208868980408,141
41.10701775550842,141
41.114581823349,141
41.12479567527771,141
41.13019895553589,141
41.13524889945984,141
41.13986873626709,141
41.14589262008667,141
41.153542280197144,141
41.15814805030823,141
41.163846492767334,141
41.168498039245605,141
41.17328715324402,141
41.18057703971863,141
41.188881158828735,141
41.194838523864746,141
41.20339345932007,141
41.209476470947266,141
41.21851325035095,141
41.22333383560181,141
41.230818033218384,141
41.239182233810425,141
41.245638370513916,141
41.25323987007141,141
41.25782918930054,141
41.26650357246399,141
41.2713086605072,141
41.2762451171875,141
41.285966634750366,141
41.29086899757385,141
41.29632520675659,141
41.30134606361389,141
41.30591678619385,141
41.312427043914795,141
41.3207848072052,141
41.32659649848938,141
41.33509039878845,141
41.34000754356384,141
41.35113072395325,141
41.356568574905396,141
41.36191725730896,141
41.36765170097351,141
41.372249126434326,141
41.37730836868286,141
41.38724708557129,141
41.39199090003967,141
41.401652336120605,141
41.407102823257446,141
41.41344356536865,141
41.42211890220642,141
41.429466009140015,141
41.43794846534729,141
41.44512867927551,141
41.453046560287476,141
41.45802688598633,141
41.463417768478394,141
41.470993995666504,141
41.47658920288086,141
41.48504328727722,141
41.49023652076721,141
41.49815106391907,141
41.5057590007782,141
41.511372566223145,141
41.521143674850464,141
41.526549339294434,141
41.53312611579895,141
41.53813028335571,141
41.543476819992065,141
41.549155473709106,141
41.554036378860474,141
41.55896186828613,141
41.568751096725464,141
41.57355070114136,141
41.57975125312805,141
41.59007668495178,141
41.59637713432312,141
41.605162143707275,141
41.61034178733826,141
41.616347312927246,141
41.62117028236389,141
41.62613487243652,141
41.63150453567505,141
41.63745832443237,141
41.64210915565491,141
41.651551723480225,141
41.65640044212341,141
41.66306805610657,141
41.67128109931946,141
41.67604637145996,141
41.686123847961426,141
41.69105291366577,141
41.69649124145508,141
41.701191902160645,141
41.705862045288086,141
41.71412920951843,141
41.72169780731201,141
41.727190256118774,141
41.73239326477051,141
41.737701416015625,141
41.742767333984375,141
41.74853467941284,141
41.75305104255676,141
41.75753974914551,141
41.76628661155701,141
41.77108025550842,141
41.77734565734863,141
41.786855697631836,141
41.79198336601257,141
41.80183553695679,141
41.80700206756592,141
41.81226348876953,141
41.81745409965515,141
41.822126388549805,141
41.82703614234924,141
41.83218002319336,141
41.838338136672974,141
41.84399366378784,141
41.8526508808136,141
41.857582807540894,141
41.86610412597656,141
41.870867013931274,141
41.875481843948364,141
41.88567304611206,141
41.89086413383484,141
41.89656949043274,141
41.9018349647522,141
41.906797647476196,141
41.91181039810181,141
41.91736435890198,141
41.9225058555603,141
41.92958474159241,141
41.938185691833496,141
41.943488359451294,141
41.9513783454895,141
41.9561972618103,141
41.96359181404114,141
41.97092533111572,141
41.975914001464844,141
41.981958866119385,141
41.98683452606201,141
41.991488218307495,141
41.997270345687866,141
42.00242304801941,141
42.00710463523865,141
42.01402521133423,141
42.0230507850647,141
42.02945280075073,141
42.038180112838745,141
42.04320049285889,141
42.051464319229126,141
42.056546688079834,141
42.06281304359436,141
42.06965947151184,141
42.07402968406677,141
42.083250284194946,141
42.088796615600586,141
42.09326958656311,141
42.0982346534729,141
42.10264539718628,141
42.10699105262756,141
42.11159420013428,141
42.1168487071991,141
42.121132135391235,141
42.12539505958557,141
42.13452219963074,141
42.1405827999115,141
42.149665117263794,141
42.154385566711426,141
42.15868258476257,141
42.1657817363739,141
42.173012495040894,141
42.17776584625244,141
42.182974338531494,141
42.18731713294983,141
42.1916184425354,141
42.200124979019165,141
42.206488370895386,141
42.211381912231445,141
42.21687364578247,141
42.22124981880188,141
42.22563815116882,141
42.23489475250244,141
42.23942708969116,141
42.24772000312805,141
42.25728511810303,141
42.26759076118469,141
42.27225613594055,141
42.27683901786804,141
42.28268766403198,141
42.28698921203613,141
42.29128384590149,141
42.298362731933594,141
42.30504059791565,141
42.310195446014404,141
42.319010972976685,141
42.32360887527466,141
42.32830333709717,141
42.33342957496643,141
42.33797764778137,141
42.34256672859192,141
42.34882688522339,141
42.35328483581543,141
42.3578519821167,141
42.3661105632782,141
42.37049436569214,141
42.37496757507324,141
42.382246255874634,141
42.39013481140137,141
42.39670395851135,141
42.40603494644165,141
42.41156053543091,141
42.41793608665466,141
42.42261862754822,141
42.42994999885559,141
42.43842434883118,141
42.44392657279968,141
42.451756954193115,141
42.45819354057312,141
42.467551708221436,141
42.47224187850952,141
42.47735667228699,141
42.483203649520874,141
42.487502574920654,141
42.4918487071991,141
42.500680923461914,141
42.505475759506226,141
42.51063060760498,141
42.518877029418945,141
42.52344751358032,141
42.5312614440918,141
42.53650903701782,141
42.54074239730835,141
42.54533839225769,141
42.5504732131958,141
42.555384159088135,141
42.56594228744507,141
42.572198152542114,141
42.57635259628296,141
42.585179805755615,141
42.58938264846802,141
42.593717098236084,141
42.59822654724121,141
42.602149963378906,141
42.60614228248596,141
42.61195659637451,141
42.62021851539612,141
42.62451529502869,141
42.62934160232544,141
42.633578300476074,141
42.63750743865967,141
42.64154601097107,141
42.65086388587952,141
42.65659785270691,141
42.66216039657593,141
42.669610261917114,141
42.67399549484253,141
42.6792848110199,141
42.68690204620361,141
42.69107460975647,141
42.6962685585022,141
42.700324296951294,141
42.704362869262695,141
42.70838475227356,141
42.71735072135925,141
42.723212003707886,141
42.72771954536438,141
42.7322883605957,141
42.73625111579895,141
42.740328788757324,141
42.744807958602905,141
42.749608516693115,141
42.753575801849365,141
42.758453369140625,141
42.76630640029907,141
42.77057981491089,141
42.77467894554138,141
42.78311228752136,141
42.78893756866455,141
42.79393458366394,141
42.8030207157135,141
42.80764842033386,141
42.81269669532776,141
42.81711792945862,141
42.82244634628296,141
42.82852077484131,141
42.83708667755127,141
42.841005086898804,141
42.847615003585815,141
42.853726387023926,141
42.85772466659546,141
42.86776304244995,141
42.87242555618286,141
42.87681198120117,141
42.88317799568176,141
42.88746428489685,141
42.891924142837524,141
42.900522232055664,141
42.90573978424072,141
42.910390853881836,141
42.918468952178955,141
42.92265343666077,141
42.92725086212158,141
42.934760332107544,141
42.938764810562134,141
42.943525552749634,141
42.9507577419281,141
42.95571804046631,141
42.9620623588562,141
42.966816902160645,141
42.97073006629944,141
42.97474980354309,141
42.984047651290894,141
42.988611459732056,141
42.99336266517639,141
43.00121545791626,141
43.00658082962036,141
43.01092576980591,141
43.01561498641968,141
43.019795417785645,141
43.023844957351685,141
43.02825713157654,141
43.03303527832031,141
43.03695511817932,141
43.04095458984375,141
43.04729628562927,141
43.05464768409729,141
43.058993101119995,141
43.06982898712158,141
43.07422208786011,141
43.08150625228882,141
43.088216066360474,141
43.0929594039917,141
43.09836387634277,141
43.102917194366455,141
43.107542753219604,141
43.11481332778931,141
43.120113134384155,141
43.124232053756714,141
43.132080078125,141
43.13885760307312,141
43.14418864250183,141
43.15199542045593,141
43.15613341331482,141
43.161219120025635,141
43.17067313194275,141
43.17531704902649,141
43.18032503128052,141
43.18466281890869,141
43.18896245956421,141
43.193671226501465,141
43.19863557815552,141
43.20308566093445,141
43.20749282836914,141
43.214919090270996,141
43.2221200466156,141
43.22736859321594,141
43.23584508895874,141
43.24048161506653,141
43.24732565879822,141
43.2529411315918,141
43.257166385650635,141
43.26536512374878,141
43.269999265670776,141
43.27542042732239,141
43.284483909606934,141
43.28898644447327,141
43.29413986206055,141
43.302024841308594,141
43.30619287490845,141
43.312429666519165,141
43.31937909126282,141
43.32364225387573,141
43.33041715621948,141
43.337517976760864,141
43.342283487319946,141
43.34719371795654,141
43.35163712501526,141
43.355797290802,141
43.361637592315674,141
43.37019634246826,141
43.37595200538635,141
43.382452964782715,141
43.38798236846924,141
43.39438486099243,141
43.402775049209595,141
43.407578468322754,141
43.41285729408264,141
43.41735029220581,141
43.42190408706665,141
43.42662739753723,141
43.431761741638184,141
43.43612599372864,141
43.440282344818115,141
43.449076652526855,141
43.455965995788574,141
43.461788177490234,141
43.46993279457092,141
43.47788977622986,141
43.48695158958435,141
43.49123287200928,141
43.496509313583374,141
43.50153422355652,141
43.50607872009277,141
43.51078224182129,141
43.51583170890808,141
43.52009153366089,141
43.52420997619629,141
43.531933546066284,141
43.538443088531494,141
43.54315996170044,141
43.551188945770264,141
43.55560111999512,141
43.560627698898315,141
43.56921148300171,141
43.574113845825195,141
43.5809326171875,141
43.585442543029785,141
43.589760303497314,141
43.59666919708252,141
43.603808879852295,141
43.60854244232178,141
43.61379075050354,141
43.6182074546814,141
43.62305545806885,141
43.62776279449463,141
43.63269281387329,141
43.636958360672,141
43.64129996299744,141
43.65132784843445,141
43.65578365325928,141
43.661760091781616,141
43.66942119598389,141
43.67401456832886,141
43.67972183227539,141
43.684770345687866,141
43.689112424850464,141
43.695281982421875,141
43.70344614982605,141
43.70822477340698,141
43.71765661239624,141
43.722540616989136,141
43.72839689254761,141
43.73644542694092,141
43.7417950630188,141
43.74993300437927,141
43.75442910194397,141
43.75927138328552,141
43.76925778388977,141
43.77431082725525,141
43.78068566322327,141
43.7866849899292,141
43.79121112823486,141
43.79624104499817,141
43.80181527137756,141
43.806612730026245,141
43.81446576118469,141
43.821940660476685,141
43.826987981796265,141
43.8354651927948,141
43.83966374397278,141
43.84513258934021,141
43.853044509887695,141
43.85736966133118,141
43.86275005340576,141
43.868399143218994,141
43.87319350242615,141
43.8822078704834,141
43.88778018951416,141
43.892122983932495,141
43.90332293510437,141
43.9076406955719,141
43.91854286193848,141
43.92414307594299,141
43.92936992645264,141
43.93414568901062,141
43.93883037567139,141
43.945884704589844,141
43.95245885848999,141
43.95656204223633,141
43.961095571517944,141
43.96593165397644,141
43.97023415565491,141
43.97454357147217,141
43.98269748687744,141
43.989378213882446,141
43.99546027183533,141
44.00338554382324,141
44.00806427001953,141
44.016414165496826,141
44.02123045921326,141
44.02595329284668,141
44.03133702278137,141
44.035685777664185,141
44.03997540473938,141
44.046077489852905,141
44.05386686325073,141
44.0582320690155,141
44.06639266014099,141
44.07086133956909,141
44.07568860054016,141
44.084136724472046,141
44.08907866477966,141
44.0958685874939,141
44.104050159454346,141
44.10883331298828,141
44.117640018463135,141
44.12324786186218,141
44.12864279747009,141
44.13378429412842,141
44.1382417678833,141
44.14322376251221,141
44.15123009681702,141
44.155651330947876,141
44.16159534454346,141
44.17263436317444,141
44.17902684211731,141
44.184415102005005,141
44.18869709968567,141
44.19661283493042,141
44.202595710754395,141
44.207112550735474,141
44.215654611587524,141
44.22049307823181,141
44.225056648254395,141
44.23396682739258,141
44.23850917816162,141
44.24304175376892,141
44.24801325798035,141
44.25231218338013,141
44.256722927093506,141
44.264482259750366,141
44.269147872924805,141
44.27336668968201,141
44.28200125694275,141
44.28658103942871,141
44.29128575325012,141
44.30149483680725,141
44.30597949028015,141
44.31230568885803,141
44.31905961036682,141
44.32340598106384,141
44.33192181587219,141
44.336493492126465,141
44.340930700302124,141
44.349610805511475,141
44.35426044464111,141
44.359169483184814,141
44.368072271347046,141
44.37280058860779,141
44.377479791641235,141
44.38266110420227,141
44.387139081954956,141
44.39176535606384,141
44.39765763282776,141
44.40209937095642,141
44.40634274482727,141
44.41252255439758,141
44.42057991027832,141
44.42518734931946,141
44.434035301208496,141
44.438493490219116,141
44.442683935165405,141
44.44776272773743,141
44.45192241668701,141
44.45583248138428,141
44.46108078956604,141
44.46845197677612,141
44.472456216812134,141
44.47807192802429,141
44.486817598342896,141
44.49091672897339,141
44.499154567718506,141
44.50558161735535,141
44.50984191894531,141
44.51523399353027,141
44.519705295562744,141
44.523534536361694,141
44.52991700172424,141
44.537742137908936,141
44.54216384887695,141
44.550142765045166,141
44.55434250831604,141
44.55828332901001,141
44.56640410423279,141
44.571078062057495,141
44.57553219795227,141
44.58011722564697,141
44.584272623062134,141
44.58834648132324,141
44.59368085861206,141
44.60086154937744,141
44.60533046722412,141
44.610013484954834,141
44.61477255821228,141
44.618818283081055,141
44.6227490901947,141
44.62709307670593,141
44.631656885147095,141
44.635563373565674,141
44.639392137527466,141
44.64489269256592,141
44.6522114276886,141
44.65652394294739,141
44.66281461715698,141
44.66914916038513,141
44.673160791397095,141
44.67892789840698,141
44.68626141548157,141
44.69025158882141,141
44.694420337677,141
44.699105739593506,141
44.70292663574219,141
44.70780849456787,141
44.71247601509094,141
44.7164945602417,141
44.72083353996277,141
44.72530698776245,141
44.73478651046753,141
44.73949861526489,141
44.746893882751465,141
44.75223231315613,141
44.75638151168823,141
44.764363050460815,141
44.769954442977905,141
44.77671670913696,141
44.78459548950195,141
44.791770219802856,141
44.801783323287964,141
44.80620217323303,141
44.81232285499573,141
44.81748914718628,141
44.821513175964355,141
44.82583475112915,141
44.83117437362671,141
44.83528280258179,141
44.83917450904846,141
44.84531784057617,141
44.852439641952515,141
44.85662889480591,141
44.864259243011475,141
44.87375092506409,141
44.87972092628479,141
44.88363575935364,141
44.887434005737305,141
44.891196489334106,141
44.89521908760071,141
44.8990216255188,141
44.902787923812866,141
44.906933069229126,141
44.91170024871826,141
44.91572141647339,141
44.91949772834778,141
44.923288106918335,141
44.927016258239746,141
44.93070411682129,141
44.934428691864014,141
44.938095569610596,141
44.94214963912964,141
44.945870876312256,141
44.9495689868927,141
44.954463481903076,141
44.958646297454834,141
44.96281909942627,141
44.96667242050171,141
44.97046089172363,141
44.97429704666138,141
44.97821521759033,141
44.98208975791931,141
44.986048460006714,141
44.992626905441284,141
45.00063991546631,141
45.007917404174805,141
45.01598930358887,141
45.02032399177551,141
45.02444529533386,141
45.029298305511475,141
45.03543782234192,141
45.03941464424133,141
45.045308113098145,141
45.053921699523926,141
45.0582799911499,141
45.06736445426941,141
45.07182574272156,141
45.07626152038574,141
45.08116316795349,141
45.085460901260376,141
45.08952736854553,141
45.09707522392273,141
45.10255146026611,141
45.1071240901947,141
45.11271357536316,141
45.11853623390198,141
45.122647523880005,141
45.12956762313843,141
45.137017250061035,141
45.141841650009155,141
45.14764380455017,141
45.15199398994446,141
45.156079053878784,141
45.16521167755127,141
45.169753074645996,141
45.17409038543701,141
45.182106018066406,141
45.187089920043945,141
45.191155672073364,141
45.19990873336792,141
45.20413947105408,141
45.20850086212158,141
45.213287115097046,141
45.21797251701355,141
45.22201228141785,141
45.22648644447327,141
45.23117804527283,141
45.23520755767822,141
45.23952627182007,141
45.24633836746216,141
45.25323748588562,141
45.2575523853302,141
45.26559042930603,141
45.26957845687866,141
45.27374505996704,141
45.27811574935913,141
45.28239917755127,141
45.286519050598145,141
45.29043674468994,141
45.29890298843384,141
45.30319428443909,141
45.307239055633545,141
45.31506037712097,141
45.32237124443054,141
45.32866334915161,141
45.33579468727112,141
45.33985209465027,141
45.34475135803223,141
45.349446535110474,141
45.35338878631592,141
45.357396841049194,141
45.36574387550354,141
45.37036657333374,141
45.37455701828003,141
45.382543325424194,141
45.38880968093872,141
45.39477849006653,141
45.40402889251709,141
45.408724546432495,141
45.414862394332886,141
45.41927433013916,141
45.426918506622314,141
45.43550419807434,141
45.43961048126221,141
45.44793224334717,141
45.45251226425171,141
45.456907987594604,141
45.46403694152832,141
45.4691379070282,141
45.473005294799805,141
45.47903084754944,141
45.485488176345825,141
45.489442348480225,141
45.49374723434448,141
45.49836182594299,141
45.50244736671448,141
45.506479024887085,141
45.51364541053772,141
45.51871156692505,141
45.522929191589355,141
45.531259536743164,141
45.536933183670044,141
45.54109525680542,141
45.546425104141235,141
45.550549030303955,141
45.55457139015198,141
45.55904841423035,141
45.56652212142944,141
45.57085633277893,141
45.57498383522034,141
45.58325433731079,141
45.58815813064575,141
45.593090295791626,141
45.60150766372681,141
45.60614609718323,141
45.614500761032104,141
45.619080543518066,141
45.623568534851074,141
45.6331353187561,141
45.637434244155884,141
45.64196705818176,141
45.64948749542236,141
45.653794050216675,141
45.65791869163513,141
45.66596341133118,141
45.670138359069824,141
45.674378395080566,141
45.682822704315186,141
45.68693161010742,141
45.6910879611969,141
45.69895958900452,141
45.70315074920654,141
45.70696496963501,141
45.71492958068848,141
45.720423221588135,141
45.72439694404602,141
45.73062491416931,141
45.73572134971619,141
45.73969388008118,141
45.74448871612549,141
45.749120473861694,141
45.75300455093384,141
45.757052183151245,141
45.764737367630005,141
45.76923370361328,141
45.77351140975952,141
45.780893325805664,141
45.786704540252686,141
45.79212832450867,141
45.79704999923706,141
45.80613398551941,141
45.81116056442261,141
45.81715655326843,141
45.82119870185852,141
45.825671911239624,141
45.83130645751953,141
45.836766481399536,141
45.8411328792572,141
45.8499436378479,141
45.855154275894165,141
45.860920906066895,141
45.8682599067688,141
45.872360944747925,141
45.87842321395874,141
45.88501858711243,141
45.889161109924316,141
45.89338970184326,141
45.89896535873413,141
45.903292655944824,141
45.90738129615784,141
45.916433811187744,141
45.92450714111328,141
45.93171310424805,141
45.938143491744995,141
45.94354510307312,141
45.95168209075928,141
45.95556592941284,141
45.959720849990845,141
45.96434998512268,141
45.968411922454834,141
45.97222018241882,141
45.97734832763672,141
45.98475241661072,141
45.988786697387695,141
45.99462080001831,141
46.00157022476196,141
46.00553870201111,141
46.0107479095459,141
46.018593549728394,141
46.02267813682556,141
46.02859878540039,141
46.03543138504028,141
46.04022407531738,141
46.047159910202026,141
46.0523202419281,141
46.05617380142212,141
46.060651540756226,141
46.06537103652954,141
46.06931519508362,141
46.073402404785156,141
46.08153963088989,141
46.085896253585815,141
46.090254068374634,141
46.09765601158142,141
46.10288715362549,141
46.10730290412903,141
46.11492991447449,141
46.12034821510315,141
46.12425637245178,141
46.131980180740356,141
46.13617992401123,141
46.14127707481384,141
46.14895057678223,141
46.15320539474487,141
46.15704560279846,141
46.161624908447266,141
46.16581153869629,141
46.169790744781494,141
46.1738600730896,141
46.18267869949341,141
46.186875343322754,141
46.1919629573822,141
46.200305700302124,141
46.20456504821777,141
46.20951223373413,141
46.217183351516724,141
46.22143602371216,141
46.225749492645264,141
46.23106813430786,141
46.235204458236694,141
46.239177227020264,141
46.24686622619629,141
46.25361394882202,141
46.25789833068848,141
46.266584396362305,141
46.27081799507141,141
46.275837421417236,141
46.28461575508118,141
46.2891149520874,141
46.29460144042969,141
46.30204892158508,141
46.308868646621704,141
46.31558012962341,141
46.31957793235779,141
46.32344460487366,141
46.332483530044556,141
46.336509466171265,141
46.340476512908936,141
46.35072207450867,141
46.35531258583069,141
46.361167669296265,141
46.369065046310425,141
46.37336444854736,141
46.37795948982239,141
46.38226842880249,141
46.38656663894653,141
46.39130163192749,141
46.396308183670044,141
46.400673151016235,141
46.40471291542053,141
46.40916657447815,141
46.418195724487305,141
46.42424273490906,141
46.43401026725769,141
46.43848156929016,141
46.44344925880432,141
46.45413827896118,141
46.45925211906433,141
46.46825647354126,141
46.472983837127686,141
46.482232332229614,141
46.486865758895874,141
46.49128532409668,141
46.49589157104492,141
46.50101923942566,141
46.50570297241211,141
46.5102174282074,141
46.515111207962036,141
46.51922965049744,141
46.5232207775116,141
46.530081033706665,141
46.537004232406616,141
46.54210543632507,141
46.54978966712952,141
46.55522894859314,141
46.56272268295288,141
46.56989002227783,141
46.57470679283142,141
46.57971715927124,141
46.58448052406311,141
46.58891034126282,141
46.59732389450073,141
46.604589223861694,141
46.60925912857056,141
46.614511489868164,141
46.61888098716736,141
46.623382329940796,141
46.629021406173706,141
46.63317370414734,141
46.63732862472534,141
46.642159938812256,141
46.65037488937378,141
46.65564227104187,141
46.661381006240845,141
46.668368339538574,141
46.67268514633179,141
46.68180727958679,141
46.68620228767395,141
46.69037985801697,141
46.69745635986328,141
46.70177721977234,141
46.70615887641907,141
46.71564841270447,141
46.71994066238403,141
46.72404718399048,141
46.728968143463135,141
46.73305416107178,141
46.73728585243225,141
46.74161911010742,141
46.7465455532074,141
46.75076341629028,141
46.754798412323,141
46.76046633720398,141
46.768229484558105,141
46.772072076797485,141
46.7779495716095,141
46.78465032577515,141
46.78868651390076,141
46.79617238044739,141
46.802765130996704,141
46.80686116218567,141
46.811867237091064,141
46.815850257873535,141
46.81988978385925,141
46.82420825958252,141
46.82999348640442,141
46.83402347564697,141
46.83813524246216,141
46.84357929229736,141
46.85213303565979,141
46.85754752159119,141
46.865954875946045,141
46.872682094573975,141
46.878862142562866,141
46.88825583457947,141
46.89246654510498,141
46.897592067718506,141
46.901585817337036,141
46.90544819831848,141
46.90980124473572,141
46.915040731430054,141
46.91906261444092,141
46.92291021347046,141
46.93043518066406,141
46.93620681762695,141
46.9405620098114,141
46.948450565338135,141
46.95263314247131,141
46.956732511520386,141
46.968098163604736,141
46.979098320007324,141
46.98782682418823,141
46.99618315696716,141
47.00486922264099,141
47.01414179801941,141
47.02555322647095,141
47.0431923866272,141
47.05127453804016,141
47.05523180961609,141
47.059802770614624,141
47.06479597091675,141
47.0700740814209,141
47.075294494628906,141
47.08448004722595,141
47.0884952545166,141
47.09471082687378,141
47.10222887992859,141
47.106308460235596,141
47.11476945877075,141
47.12065386772156,141
47.12517309188843,141
47.13001894950867,141
47.13422179222107,141
47.138585567474365,141
47.144142389297485,141
47.151389598846436,141
47.155441761016846,141
47.16227746009827,141
47.16961050033569,141
47.17451524734497,141
47.179442405700684,141
47.18350958824158,141
47.18745255470276,141
47.191792488098145,141
47.19692659378052,141
47.20103120803833,141
47.204856872558594,141
47.21178579330444,141
47.22267007827759,141
47.234424352645874,141
47.244441986083984,141
47.25072956085205,141
47.25840520858765,141
47.26883602142334,141
47.27418398857117,141
47.28219723701477,141
47.28625416755676,141
47.29044508934021,141
47.2985999584198,141
47.30308270454407,141
47.30707120895386,141
47.31533336639404,141
47.31956624984741,141
47.32365322113037,141
47.32833957672119,141
47.332281827926636,141
47.336079835891724,141
47.33991813659668,141
47.34778451919556,141
47.35196828842163,141
47.35618495941162,141
47.36247420310974,141
47.36831974983215,141
47.372164249420166,141
47.37780284881592,141
47.382179975509644,141
47.38608765602112,141
47.39008855819702,141
47.3948028087616,141
47.39885401725769,141
47.40270018577576,141
47.406716108322144,141
47.415329456329346,141
47.42072916030884,141
47.425501346588135,141
47.433138847351074,141
47.43729758262634,141
47.44182538986206,141
47.44805645942688,141
47.45240521430969,141
47.45641016960144,141
47.46181082725525,141
47.46734642982483,141
47.47148251533508,141
47.47696590423584,141
47.486478090286255,141
47.49096727371216,141
47.499632596969604,141
47.50387120246887,141
47.508156061172485,141
47.51572108268738,141
47.51986742019653,141
47.52417802810669,141
47.52891397476196,141
47.53299427032471,141
47.53710913658142,141
47.541369676589966,141
47.546319246292114,141
47.550567388534546,141
47.55445051193237,141
47.55946397781372,141
47.566895961761475,141
47.57101559638977,141
47.57618498802185,141
47.5848753452301,141
47.58907151222229,141
47.593342781066895,141
47.59829616546631,141
47.60229015350342,141
47.60613989830017,141
47.61319279670715,141
47.61847186088562,141
47.622682094573975,141
47.62946891784668,141
47.63566184043884,141
47.6397168636322,141
47.644108057022095,141
47.6484375,141
47.652549028396606,141
47.656469106674194,141
47.661853313446045,141
47.66598391532898,141
47.66990804672241,141
47.67468285560608,141
47.68796706199646,141
47.697715282440186,141
47.706727027893066,141
47.721025705337524,141
47.730013847351074,141
47.73754930496216,141
47.74329924583435,141
47.751737117767334,141
47.760663986206055,141
47.76906490325928,141
47.7754385471344,141
47.78612184524536,141
47.79235863685608,141
47.80519509315491,141
47.81175398826599,141
47.81825089454651,141
47.822264194488525,141
47.82794713973999,141
47.83636927604675,141
47.84041500091553,141
47.84604287147522,141
47.850034952163696,141
47.85409188270569,141
47.85829305648804,141
47.86469483375549,141
47.86887550354004,141
47.87288546562195,141
47.88004231452942,141
47.8868465423584,141
47.891658782958984,141
47.901511907577515,141
47.90564274787903,141
47.91369843482971,141
47.920090198516846,141
47.923964500427246,141
47.929458141326904,141
47.93429493904114,141
47.93838286399841,141
47.94410181045532,141
47.95352840423584,141
47.961386919021606,141
47.97053670883179,141
47.984193563461304,141
47.99465346336365,141
48.00178408622742,141
48.01263236999512,141
48.0235538482666,141
48.03138756752014,141
48.03982663154602,141
48.05121564865112,141
48.05943703651428,141
48.06656312942505,141
