0.5273640155792236,1
0.5359969139099121,2
0.5451457500457764,2
0.5535874366760254,2
0.5595588684082031,2
0.5688266754150391,2
0.573183536529541,2
0.5782215595245361,2
0.5824627876281738,2
0.5869977474212646,3
0.5929715633392334,3
0.6017155647277832,3
0.6068041324615479,3
0.6155943870544434,3
0.6204524040222168,3
0.6265325546264648,4
0.6346862316131592,4
0.6402018070220947,4
0.6489360332489014,5
0.6543223857879639,5
0.6601736545562744,5
0.6658532619476318,5
0.6708040237426758,5
0.6795456409454346,6
0.6856284141540527,6
0.6921725273132324,6
0.7008316516876221,6
0.7063264846801758,6
0.7164759635925293,6
0.7221930027008057,6
0.7283306121826172,6
0.7340006828308105,6
0.7405586242675781,6
0.7498557567596436,6
0.7557778358459473,6
0.761885404586792,6
0.7686991691589355,6
0.7756314277648926,6
0.7841248512268066,6
0.7900187969207764,6
0.8011243343353271,6
0.8107113838195801,6
0.8226027488708496,6
0.8315589427947998,6
0.8370048999786377,6
0.8435862064361572,6
0.8493671417236328,6
0.8548593521118164,6
0.8642318248748779,6
0.8705878257751465,6
0.8805751800537109,6
0.8875350952148438,6
0.8969841003417969,6
0.9026117324829102,6
0.9090609550476074,6
0.9156913757324219,7
0.9214491844177246,7
0.928584098815918,8
0.9345989227294922,8
0.942058801651001,8
0.9514355659484863,8
0.9584989547729492,8
0.96817946434021,8
0.975222110748291,8
0.9819235801696777,8
0.9877409934997559,8
1.0000638961791992,9
1.007472276687622,9
1.017322301864624,9
1.024155616760254,9
1.0312952995300293,9
1.0374529361724854,9
1.0487747192382812,9
1.0555174350738525,9
1.06648588180542,9
1.0750031471252441,9
1.0843174457550049,9
1.091639757156372,9
1.0986735820770264,9
1.10538911819458,9
1.116283655166626,9
1.1234674453735352,9
1.1319365501403809,10
1.1393122673034668,12
1.1520450115203857,13
1.16109299659729,14
1.1692285537719727,14
1.1864039897918701,14
1.2009649276733398,14
1.2115631103515625,14
1.2198545932769775,14
1.2332782745361328,14
1.2418360710144043,14
1.2503535747528076,14
1.2611722946166992,14
1.2705659866333008,14
1.284341812133789,14
1.2965664863586426,14
1.305821418762207,14
1.3145458698272705,14
1.3227543830871582,14
1.3316528797149658,14
1.340721607208252,14
1.3521451950073242,14
1.3659579753875732,15
1.3769645690917969,15
1.3895561695098877,16
1.399146318435669,17
1.411957025527954,17
1.4212782382965088,17
1.4315581321716309,17
1.4423365592956543,17
1.4555418491363525,18
1.465799331665039,18
1.4770846366882324,18
1.4918413162231445,18
1.5039935111999512,18
1.5187227725982666,18
1.5329258441925049,18
1.544050693511963,18
1.5544304847717285,20
1.5704023838043213,20
1.5835514068603516,21
1.5992510318756104,21
1.6133215427398682,21
1.6236381530761719,21
1.634619951248169,21
1.6496717929840088,21
1.6610488891601562,22
1.6713588237762451,22
1.6891047954559326,22
1.7034573554992676,22
1.7197747230529785,22
1.7341516017913818,22
1.749035120010376,22
1.760335922241211,22
1.7708547115325928,22
1.7868916988372803,23
1.8052051067352295,24
1.8171939849853516,24
1.829359769821167,24
1.8452587127685547,24
1.861088514328003,24
1.8751015663146973,25
1.891366720199585,25
1.9061522483825684,26
1.922163963317871,26
1.938354730606079,27
1.9570937156677246,29
1.9712693691253662,29
1.989940881729126,30
2.00885009765625,30
2.0267333984375,30
2.045313835144043,30
2.060715913772583,30
2.085108757019043,33
2.1061806678771973,33
2.125990629196167,35
2.145530939102173,35
2.165074586868286,35
2.1841588020324707,35
2.204308032989502,36
2.2203071117401123,38
2.2384588718414307,40
2.264950752258301,40
2.286496639251709,41
2.306161403656006,41
2.32779598236084,41
2.3503196239471436,44
2.3736274242401123,45
2.3957786560058594,46
2.4192898273468018,46
2.440222978591919,48
2.464205026626587,49
2.4879305362701416,49
2.515038251876831,49
2.537362813949585,50
2.563133716583252,51
2.5872175693511963,52
2.615734815597534,52
2.6436967849731445,54
2.6700327396392822,54
2.694139003753662,55
2.7250845432281494,55
2.753629207611084,55
2.7766692638397217,55
2.802706480026245,55
2.825772762298584,55
2.850832462310791,55
2.8809144496917725,55
2.9076054096221924,58
2.9363718032836914,58
2.96579909324646,60
2.9952871799468994,61
3.022620439529419,61
3.048413038253784,61
3.0800909996032715,62
3.1038897037506104,63
3.133715867996216,63
3.164943218231201,64
3.1919314861297607,64
3.225768804550171,64
3.256258964538574,65
3.2874362468719482,67
3.317223072052002,67
3.348470449447632,68
3.37591552734375,68
3.4085652828216553,69
3.4416327476501465,69
3.470790386199951,69
3.5043528079986572,69
3.544126272201538,70
3.5785281658172607,70
3.609121799468994,70
3.6391289234161377,71
3.678828716278076,71
3.708099842071533,71
3.7441656589508057,71
3.779707908630371,72
3.8104543685913086,73
3.838498592376709,73
3.8718132972717285,73
3.9039688110351562,73
3.9374332427978516,73
3.971342086791992,75
4.004514455795288,76
4.040241003036499,76
4.08230447769165,77
4.116101503372192,79
4.149779558181763,81
4.186907529830933,81
4.2204930782318115,81
4.255461692810059,82
4.295628786087036,83
4.330935955047607,84
4.368264198303223,84
4.407306671142578,84
4.44167947769165,86
4.4855122566223145,87
4.524965286254883,87
4.568549156188965,89
4.609877109527588,90
4.647399187088013,92
4.6927220821380615,92
4.729591131210327,93
4.77425217628479,94
4.815251350402832,94
4.8526482582092285,94
4.896640777587891,96
4.930650949478149,96
4.980008840560913,96
5.020380973815918,96
5.064864635467529,96
5.114091634750366,95
5.165422439575195,96
5.208970069885254,97
5.253673791885376,98
5.301951885223389,99
5.34922194480896,100
5.396996974945068,101
5.4438300132751465,102
5.48726749420166,103
5.53155779838562,104
5.581889867782593,104
5.622856855392456,103
5.666768550872803,104
5.7120041847229,103
5.755101442337036,103
5.803986549377441,105
5.8465917110443115,107
5.89702033996582,108
5.94079065322876,108
5.985686540603638,107
6.030886888504028,107
6.071752309799194,106
6.118967056274414,107
6.162534236907959,107
6.202684640884399,104
6.246554374694824,105
6.29315185546875,105
6.35247015953064,106
6.393056631088257,106
6.433323621749878,105
6.482637643814087,105
6.524724960327148,105
6.566967248916626,105
6.612605094909668,103
6.663288354873657,103
6.70751166343689,106
6.75187349319458,106
6.796248435974121,107
6.850091218948364,106
6.891625642776489,105
6.935622930526733,104
6.978806734085083,103
7.022976398468018,102
7.0657782554626465,102
7.112671136856079,103
7.154698371887207,101
7.23234486579895,100
7.289134979248047,100
7.326430082321167,97
7.368799209594727,97
7.408915281295776,94
7.445685386657715,94
7.485971927642822,93
7.527104139328003,92
7.563661813735962,91
7.5988147258758545,90
7.6360390186309814,90
7.671928405761719,90
7.711164474487305,91
7.757765531539917,92
7.827173233032227,96
7.904967784881592,97
7.953729152679443,99
8.025817155838013,97
8.078211069107056,95
8.12464189529419,96
8.19983959197998,95
8.288845300674438,94
8.373957395553589,91
8.416239261627197,91
8.463687658309937,94
8.502469778060913,96
8.553255558013916,96
8.625869989395142,97
8.686690330505371,97
8.749892234802246,96
8.806992292404175,98
8.852783203125,97
8.898126602172852,96
8.945274114608765,97
8.986173391342163,98
9.033138751983643,97
9.0993013381958,98
9.15443468093872,98
9.19970178604126,95
9.238962888717651,95
9.2825448513031,95
9.322126150131226,97
9.364279985427856,97
9.428080558776855,97
9.505712985992432,96
9.56716799736023,95
9.609767436981201,95
9.680098056793213,95
9.77500319480896,94
9.840164184570312,93
9.9025239944458,93
9.975025653839111,92
10.051610231399536,91
10.109891414642334,92
10.153566122055054,92
10.215281963348389,91
10.263684272766113,90
10.303678274154663,90
10.39291000366211,90
10.460562229156494,89
10.514606475830078,87
10.558319330215454,85
10.599145889282227,86
10.661215543746948,86
10.71608567237854,84
10.808725118637085,86
10.885477781295776,85
10.948101043701172,84
11.008846282958984,83
11.065173625946045,83
11.123441457748413,82
11.173374891281128,81
11.209906339645386,82
11.270968675613403,81
11.333717346191406,80
11.403085708618164,79
11.44449782371521,80
11.476729393005371,80
11.510631799697876,79
11.549009323120117,80
11.586384773254395,80
11.626925706863403,82
11.663749694824219,82
11.698974609375,81
11.740055084228516,80
11.775763750076294,80
11.814899444580078,79
11.85754919052124,79
11.89121413230896,79
11.932552099227905,79
11.972878694534302,81
12.016033172607422,82
12.049399137496948,80
12.091248750686646,79
12.126653909683228,78
12.165360927581787,77
12.203090190887451,77
12.2379891872406,76
12.270211458206177,76
12.30053448677063,75
12.337236404418945,75
12.370648384094238,74
12.412106275558472,77
12.44613790512085,78
12.479679822921753,79
12.513960599899292,79
12.551464319229126,83
12.597808122634888,83
12.633842706680298,85
12.668681383132935,87
12.713733434677124,86
12.749977111816406,85
12.791900157928467,83
12.824544906616211,81
12.859927892684937,80
12.894776344299316,80
12.933727741241455,79
12.968595027923584,81
13.011327028274536,80
13.051712036132812,80
13.087589263916016,81
13.126384735107422,81
13.162734031677246,81
13.200055599212646,80
13.233251094818115,80
13.275589227676392,81
13.311867475509644,81
13.34795355796814,84
13.388061285018921,84
13.430210828781128,85
13.464192628860474,85
13.499102592468262,83
13.540804624557495,83
13.580788612365723,85
13.614173173904419,83
13.656577825546265,83
13.692563772201538,83
13.73127031326294,84
13.76632833480835,85
13.811397075653076,86
13.847246885299683,86
13.88620662689209,86
13.928751707077026,88
13.970125198364258,89
14.019676685333252,88
14.058949708938599,90
14.102845191955566,87
14.14105749130249,87
14.179171323776245,87
14.223837614059448,89
14.266453504562378,89
14.30866026878357,88
14.34706711769104,89
14.385644912719727,87
14.429435014724731,87
14.473126649856567,89
14.515597343444824,89
14.555480718612671,91
14.602434158325195,90
14.648219108581543,89
14.688991785049438,89
14.73293423652649,89
14.779131174087524,89
14.817009925842285,89
14.854131937026978,88
14.897203922271729,89
14.938490867614746,89
14.980765104293823,91
15.028059482574463,92
15.066546440124512,92
15.10993480682373,93
15.152206182479858,94
15.196974754333496,95
15.242974519729614,97
15.292871236801147,98
15.346816301345825,98
15.393699407577515,99
15.438939809799194,98
15.48152232170105,98
15.559247970581055,100
15.60908842086792,102
15.655735969543457,103
15.700793981552124,103
15.745336532592773,104
15.789801359176636,103
15.837763547897339,102
15.886524200439453,101
15.933000564575195,102
15.980475187301636,103
16.026878118515015,103
16.075037479400635,103
16.122763872146606,104
16.173775911331177,104
16.215530395507812,105
16.272055864334106,105
16.320392370224,105
16.36934733390808,107
16.416205883026123,107
16.46548366546631,106
16.51557159423828,106
16.56407618522644,106
16.612019777297974,105
16.660457134246826,104
16.70581364631653,107
16.75804328918457,106
16.807291984558105,106
16.8600857257843,107
16.91524028778076,108
16.963382959365845,108
17.01321506500244,109
17.058768272399902,109
17.102383136749268,110
17.15099596977234,110
17.20154118537903,110
17.253224849700928,110
17.301796197891235,110
17.347572326660156,110
17.3949453830719,109
17.440903902053833,108
17.485780477523804,107
17.528029441833496,105
17.574665546417236,101
17.618894577026367,99
17.668729305267334,98
17.71029758453369,95
17.754826545715332,98
17.8105525970459,97
17.85114288330078,96
17.893498420715332,96
17.94257378578186,96
18.01325249671936,95
18.07671284675598,93
18.131474256515503,94
18.17633605003357,92
18.22941827774048,92
18.27165389060974,92
18.331091165542603,92
18.38015389442444,92
18.423378944396973,89
18.462501287460327,88
18.496093273162842,86
18.53523564338684,85
18.573451280593872,84
18.612072229385376,83
18.647318601608276,85
18.688735723495483,86
18.727777004241943,86
18.762246131896973,85
18.802255630493164,85
18.837575912475586,83
18.87643313407898,82
18.913090229034424,83
18.947638511657715,84
18.98491930961609,83
19.030561923980713,82
19.062479734420776,79
19.098204851150513,79
19.13812255859375,81
19.1781222820282,81
19.21155309677124,81
19.250272750854492,80
19.282498359680176,79
19.319037199020386,80
19.355792999267578,79
19.392214059829712,78
19.432627201080322,79
19.467294692993164,78
19.502682209014893,76
19.539000034332275,78
19.57534623146057,78
19.605665683746338,77
19.648187398910522,76
19.680108785629272,78
19.714521884918213,78
19.770914554595947,78
19.80142569541931,77
19.83571720123291,78
19.873151779174805,79
19.912025928497314,78
19.95128560066223,79
19.99118447303772,78
20.024423122406006,76
20.06247091293335,76
20.09763741493225,77
20.13071322441101,77
20.16545271873474,76
20.199583053588867,76
20.23944115638733,75
20.273348093032837,75
20.303303003311157,75
20.3414204120636,76
20.370198249816895,75
20.40613865852356,75
20.4426212310791,74
20.474445581436157,74
20.505404949188232,73
20.542431831359863,73
20.574692249298096,73
20.612501621246338,73
20.647518634796143,72
20.67684507369995,70
20.709153652191162,70
20.736217737197876,70
20.770320177078247,69
20.799867153167725,68
20.83274221420288,69
20.865763664245605,69
20.89903426170349,68
20.931479454040527,68
20.96164631843567,68
20.993268489837646,66
21.026549100875854,66
21.056931972503662,66
21.085604906082153,66
21.11846089363098,67
21.15148687362671,67
21.178046703338623,67
21.21273946762085,68
21.243300199508667,69
21.279874563217163,70
21.315553665161133,70
21.3473961353302,69
21.382908582687378,69
21.413166284561157,68
21.44844675064087,68
21.48123550415039,69
21.511678218841553,69
21.550545692443848,71
21.585952043533325,70
21.619922637939453,69
21.65290594100952,69
21.682864904403687,69
21.714179754257202,65
21.743079900741577,65
21.775435209274292,64
21.804579734802246,64
21.834607124328613,64
21.8637273311615,64
21.88952898979187,63
21.919891357421875,63
21.95198345184326,63
21.98200488090515,63
22.009182453155518,61
22.040242433547974,60
22.067310571670532,60
22.095489025115967,59
22.123176097869873,59
22.149836778640747,58
22.177035331726074,58
22.209856510162354,58
22.240496397018433,58
22.267431259155273,59
22.29350233078003,59
22.32490634918213,59
22.351818084716797,59
22.38309597969055,59
22.409442901611328,59
22.440964221954346,58
22.46389365196228,58
22.495169401168823,57
22.52047109603882,57
22.54593300819397,57
22.575923919677734,57
22.603368520736694,57
22.629805088043213,57
22.659783840179443,56
22.686981439590454,56
22.71273922920227,56
22.742717504501343,55
22.763453483581543,53
22.78686285018921,53
22.814342975616455,53
22.844569206237793,53
22.87362790107727,53
22.903687953948975,53
22.95307183265686,54
23.016866445541382,53
23.050382375717163,53
23.07866096496582,53
23.10028052330017,52
23.13076400756836,52
23.157532691955566,52
23.18159246444702,53
23.210167407989502,52
23.232359886169434,52
23.260029554367065,52
23.284854412078857,52
23.31083655357361,52
23.337677001953125,52
23.37587594985962,51
23.399510622024536,51
23.424118995666504,51
23.456575393676758,51
23.477176189422607,51
23.4980309009552,51
23.52790594100952,51
23.55019998550415,51
23.57820200920105,50
23.60353660583496,49
23.642980337142944,50
23.6925311088562,49
23.714903831481934,47
23.741389989852905,47
23.760704040527344,46
23.78825807571411,46
23.807509422302246,46
23.829859495162964,46
23.856103658676147,46
23.87757110595703,46
23.896242380142212,46
23.919835567474365,45
23.94356369972229,44
23.963086128234863,43
23.9880530834198,43
24.014153242111206,43
24.034244298934937,43
24.06048321723938,43
24.082263708114624,43
24.100559949874878,43
24.126712322235107,42
24.147329568862915,41
24.164430856704712,41
24.183878660202026,41
24.207621097564697,41
24.227322578430176,41
24.248213052749634,40
24.27206563949585,40
24.28987765312195,40
24.310376405715942,40
24.32987689971924,39
24.350224018096924,39
24.36756920814514,40
24.390206336975098,40
24.41158103942871,40
24.433201551437378,39
24.455172300338745,39
24.47621750831604,39
24.497326850891113,39
24.520361185073853,39
24.537384510040283,38
24.55799674987793,37
24.576958417892456,36
24.602272272109985,36
24.62186360359192,37
24.640219926834106,37
24.662075519561768,37
24.68068814277649,36
24.701796531677246,34
24.72312045097351,34
24.74235224723816,34
24.761165857315063,34
24.77612543106079,34
24.79595685005188,34
24.816415786743164,34
24.834872484207153,34
24.85551643371582,33
24.87465214729309,33
24.894577980041504,32
24.912184476852417,32
24.929837942123413,32
24.947237253189087,32
24.965956687927246,31
24.979824542999268,31
25.002279043197632,31
25.02335834503174,32
25.039348602294922,32
25.057915925979614,32
25.076338529586792,32
25.095216751098633,31
25.111857652664185,31
25.12967014312744,31
25.14683771133423,30
25.162126541137695,30
25.17683720588684,30
25.193643808364868,30
25.213001489639282,28
25.229118824005127,28
25.245776414871216,28
25.270562648773193,27
25.284003019332886,27
25.296668529510498,27
25.314544439315796,26
25.330785751342773,26
25.346081018447876,25
25.358153104782104,25
25.370020627975464,25
25.38135528564453,25
25.39681124687195,25
25.413524627685547,25
25.430869340896606,25
25.444542169570923,25
25.461573362350464,25
25.478707313537598,25
25.495280742645264,25
25.507748126983643,25
25.52555274963379,25
25.54100275039673,25
25.555864810943604,24
25.567201614379883,24
25.579049587249756,24
25.594308853149414,24
25.61040687561035,23
25.62336778640747,23
25.63823962211609,23
25.652048349380493,23
25.666678190231323,23
25.677800178527832,23
25.68910527229309,23
25.7020320892334,23
25.719066858291626,23
25.73314929008484,23
25.74558973312378,23
25.760401248931885,23
25.775004625320435,23
25.790032625198364,23
25.80573344230652,23
25.818674325942993,23
25.83169198036194,23
25.848392724990845,22
25.867143630981445,22
25.8826744556427,22
25.89529061317444,22
25.910475730895996,22
25.927337884902954,22
25.942632913589478,21
25.954267740249634,21
25.96537184715271,21
25.9766902923584,21
25.991719007492065,21
26.00773334503174,21
26.02277183532715,21
26.037283182144165,21
26.049570560455322,21
26.06408667564392,21
26.079123497009277,21
26.09257221221924,21
26.106285333633423,20
26.122608184814453,19
26.135794162750244,19
26.14910578727722,19
26.16214680671692,19
26.172565937042236,19
26.188483238220215,19
26.198067665100098,18
26.2131187915802,18
26.223198890686035,16
26.23434615135193,15
26.245710611343384,15
26.258890628814697,14
26.270607948303223,14
26.280133485794067,14
26.298177003860474,14
26.3133704662323,14
26.327160120010376,13
26.34125852584839,13
26.350148677825928,13
26.36327886581421,14
26.375135898590088,14
26.388216733932495,14
26.39688992500305,14
26.411612272262573,14
26.420867443084717,14
26.429017305374146,14
26.447574138641357,14
26.469348669052124,14
26.48149299621582,14
26.49091649055481,13
26.500824451446533,13
26.514718532562256,14
26.52717661857605,14
26.536001920700073,14
26.5442373752594,13
26.555780172348022,13
26.56334376335144,12
26.575068473815918,12
26.58404803276062,12
26.595118761062622,12
26.604821920394897,12
26.612831115722656,12
26.624666213989258,12
26.643590211868286,12
26.657576084136963,12
26.666631937026978,12
26.67788028717041,12
26.690770387649536,12
26.69937229156494,12
26.710716485977173,14
26.723864793777466,14
26.733518362045288,14
26.744985103607178,14
26.754767417907715,14
26.762361764907837,13
26.770742654800415,13
26.77876329421997,13
26.790765285491943,13
26.800077199935913,13
26.81256675720215,13
26.823574781417847,13
26.8316433429718,13
26.839790105819702,13
26.84853720664978,12
26.863211154937744,12
26.875539302825928,12
26.888368844985962,12
26.898734092712402,12
26.91108512878418,12
26.921780347824097,12
26.929991960525513,12
26.940937519073486,12
26.95075249671936,12
26.9638569355011,12
26.973644495010376,12
26.983222484588623,12
26.99376916885376,12
27.00550937652588,12
27.015722036361694,12
27.02834177017212,12
27.036988973617554,12
27.044689893722534,12
27.059478044509888,12
27.07369828224182,12
27.092599630355835,12
27.100529432296753,12
27.10862135887146,12
27.11796545982361,12
27.127859830856323,12
27.14082360267639,12
27.14922308921814,12
27.160900831222534,12
27.173012495040894,12
27.181110858917236,12
27.18919014930725,12
27.197921752929688,12
27.21983027458191,12
27.241830110549927,12
27.265695333480835,12
27.27635669708252,11
27.28428339958191,11
27.29147219657898,11
27.30103063583374,11
27.31025195121765,11
27.321728467941284,11
27.329086780548096,11
27.33691930770874,11
27.34422254562378,11
27.355607271194458,11
27.36313009262085,11
27.371363878250122,11
27.37979292869568,11
27.39054536819458,11
27.399141550064087,11
27.411279916763306,11
27.42264175415039,11
27.430036067962646,11
27.441240787506104,11
27.44972276687622,11
27.459912538528442,11
27.46803379058838,11
27.47582721710205,11
27.48360514640808,11
27.49259042739868,11
27.503841876983643,11
27.51222062110901,11
27.526366710662842,11
27.53590154647827,11
27.546390533447266,11
27.555517435073853,11
27.562822580337524,11
27.570786952972412,11
27.578266382217407,11
27.590258598327637,11
27.59772300720215,11
27.6091787815094,11
27.616678476333618,11
27.624550580978394,11
27.632611989974976,11
27.643226146697998,11
27.65469264984131,11
27.661909818649292,11
27.670058488845825,11
27.677175521850586,11
27.688811779022217,11
27.6962628364563,11
27.707298517227173,11
27.715669870376587,11
27.726094722747803,11
27.734814882278442,11
27.74190378189087,11
27.753541231155396,11
27.760770797729492,11
27.76962423324585,11
27.776703119277954,11
27.789766788482666,11
27.80033254623413,11
27.811585187911987,11
27.82468342781067,11
27.838651180267334,11
27.856754064559937,11
27.876011848449707,11
27.89829134941101,11
27.91809320449829,11
27.936041831970215,10
27.95297336578369,10
27.96267819404602,10
27.97464942932129,10
27.984018802642822,10
28.000455141067505,10
28.011820316314697,10
28.023163080215454,10
28.031652688980103,10
28.042171955108643,10
28.0498206615448,10
28.057462215423584,10
28.06463599205017,10
28.075745105743408,10
28.082966089248657,10
28.090795516967773,11
28.105631351470947,11
28.123857259750366,11
28.140201568603516,11
28.158125638961792,11
28.169718503952026,11
28.191028118133545,10
28.210560083389282,10
28.22873306274414,10
28.249842643737793,10
28.269327640533447,10
28.289911031723022,10
28.305843114852905,10
28.328767776489258,10
28.344215869903564,10
28.356647491455078,10
28.369842052459717,10
28.396485090255737,10
28.408872604370117,10
28.42584252357483,10
28.440011262893677,11
28.457003593444824,11
28.468043088912964,11
28.47722840309143,11
28.488333463668823,11
28.49586796760559,11
28.512929677963257,11
28.531312465667725,11
28.545445203781128,11
28.558714866638184,11
28.57413673400879,11
28.587180376052856,11
28.597764253616333,11
28.615734100341797,11
28.636442184448242,10
28.655458688735962,10
28.6663818359375,10
28.67646360397339,10
28.69220495223999,10
28.708297729492188,10
28.72254776954651,10
28.737563371658325,10
28.758054971694946,10
28.771634340286255,10
28.790574550628662,10
28.809405088424683,10
28.82051110267639,10
28.833590507507324,10
28.847561359405518,10
28.865926265716553,10
28.89054298400879,10
28.907138347625732,10
28.919866800308228,10
28.930569887161255,10
28.93919062614441,10
28.952701807022095,10
28.9619722366333,10
28.971330642700195,10
28.979573249816895,10
28.991875171661377,10
29.002365589141846,10
29.017609119415283,10
29.02785563468933,10
29.04115581512451,10
29.05194902420044,10
29.062896490097046,10
29.080097913742065,10
29.099570512771606,10
29.115739345550537,10
29.127910614013672,10
29.136383771896362,10
29.14627432823181,10
29.154526233673096,10
29.161522388458252,10
29.16915512084961,10
29.176027536392212,10
29.18523645401001,10
29.196135759353638,10
29.20971369743347,10
29.218146324157715,10
29.226468324661255,10
29.234543085098267,10
29.241584539413452,10
29.253772020339966,10
29.26921796798706,10
29.276689529418945,10
29.287693977355957,10
29.29811930656433,10
29.306519269943237,10
29.31451988220215,10
29.324318885803223,10
29.33394694328308,10
29.34405493736267,10
29.35229778289795,9
29.358813524246216,9
29.366047859191895,8
29.376917600631714,8
29.383886098861694,8
29.391916513442993,8
29.409893035888672,8
29.42474341392517,8
29.438308715820312,8
29.453317880630493,8
29.46869683265686,8
29.482159852981567,8
29.497849702835083,8
29.509210109710693,8
29.526901483535767,8
29.544872045516968,8
29.562785863876343,8
29.572908401489258,8
29.585505962371826,8
29.597246408462524,8
29.60895085334778,8
29.618896007537842,8
29.62622880935669,7
29.638116598129272,7
29.649659633636475,7
29.669482469558716,7
29.683054447174072,7
29.693475484848022,7
29.70854640007019,7
29.717851161956787,7
29.73160457611084,7
29.749098539352417,8
29.771404266357422,8
29.78379774093628,8
29.79131293296814,8
29.803673267364502,8
29.813881158828735,8
29.82953190803528,8
29.85115146636963,9
29.87183976173401,9
29.88934063911438,9
29.906174421310425,9
29.931691884994507,9
29.947633028030396,9
29.966513633728027,9
29.990642070770264,9
30.004008769989014,9
30.01937198638916,8
30.036936044692993,8
30.055703163146973,8
30.069110870361328,8
30.080584049224854,8
30.10341477394104,8
30.123786211013794,8
30.142525911331177,8
30.154326915740967,8
30.17328643798828,8
30.181204080581665,8
30.196505069732666,8
30.211085557937622,8
30.2195942401886,8
30.22628164291382,8
30.2393000125885,8
30.248478174209595,8
30.260629653930664,8
30.278472661972046,8
30.290691375732422,8
30.303662300109863,8
30.317973375320435,8
30.333977699279785,8
30.35641098022461,8
30.37541103363037,8
30.391033172607422,8
30.410633325576782,8
30.43124747276306,8
30.450336456298828,8
30.46749973297119,8
30.484002828598022,8
30.499332904815674,8
30.510103464126587,8
30.548006772994995,8
30.564239263534546,8
30.580841302871704,8
30.59556555747986,8
30.608783721923828,8
30.62301278114319,8
30.64216423034668,8
30.66720199584961,8
30.69086503982544,8
30.70546317100525,8
30.71959614753723,8
30.735339641571045,8
30.753963470458984,8
30.77266240119934,8
30.787760972976685,8
30.80217409133911,8
30.816637992858887,8
30.835405826568604,8
30.853757858276367,8
30.87123942375183,8
30.88859796524048,8
30.906569242477417,8
30.92235803604126,8
30.93121361732483,8
30.95049238204956,8
30.971346378326416,8
30.991210460662842,8
31.007476568222046,8
31.017232656478882,8
31.03974151611328,8
31.056925058364868,8
31.065903902053833,8
31.073720932006836,8
31.080692052841187,8
31.09630823135376,8
31.114133596420288,8
31.1249783039093,8
31.13962435722351,8
31.157069206237793,8
31.165156364440918,8
31.17717146873474,8
31.192400217056274,8
31.203016996383667,8
31.217808485031128,9
31.22803831100464,9
31.236147165298462,9
31.24298405647278,9
31.255573987960815,9
31.273035526275635,9
31.281092643737793,9
31.288461923599243,9
31.29597806930542,9
31.311230421066284,9
31.32421064376831,9
31.33585262298584,9
31.3552348613739,9
31.37134575843811,8
31.381858110427856,8
31.394182205200195,8
31.40636897087097,8
31.421197414398193,8
31.42799997329712,8
31.44175696372986,8
31.448673009872437,8
31.458306789398193,8
31.47165274620056,8
31.478278636932373,8
31.48976707458496,8
31.497111558914185,8
31.50869131088257,8
31.51574683189392,8
31.523640871047974,7
31.52987003326416,7
31.541621923446655,7
31.548372507095337,7
31.560652256011963,7
31.57546639442444,7
31.582136392593384,7
31.588640928268433,7
31.59466791152954,7
31.605112552642822,7
31.61162257194519,7
31.625117301940918,7
31.633758783340454,7
31.643110275268555,7
31.685077905654907,7
31.70313596725464,7
31.71391773223877,7
31.724146604537964,5
31.741177082061768,5
31.75636863708496,5
31.76859211921692,5
31.782724380493164,5
31.794354677200317,5
31.80023455619812,5
31.811023712158203,5
31.8218891620636,5
31.8291597366333,5
31.839664697647095,5
31.84535264968872,5
31.859447717666626,5
31.86567759513855,5
31.874433755874634,5
31.882169485092163,5
31.89254140853882,5
31.901639461517334,5
31.912682056427002,5
31.926544427871704,5
31.933008909225464,5
31.939139127731323,5
31.94447684288025,5
31.954808473587036,6
31.960498571395874,6
31.97013807296753,6
31.97598648071289,6
31.98445963859558,6
31.99358630180359,6
32.0012149810791,6
32.006821393966675,6
32.01260781288147,6
32.022531032562256,6
32.02828335762024,6
32.0379433631897,6
32.044612884521484,6
32.055819272994995,6
32.06196737289429,6
32.06954097747803,6
32.07541012763977,6
32.08443021774292,6
32.09358787536621,6
32.102129220962524,6
32.110960721969604,6
32.12265467643738,6
32.128467321395874,6
32.139196157455444,6
32.144869327545166,6
32.15684461593628,6
32.163055419921875,6
32.16986870765686,6
32.175742864608765,6
32.182750940322876,6
32.193161964416504,6
32.20400619506836,6
32.209636211395264,6
32.22007870674133,6
32.226970911026,6
32.23550009727478,6
32.24386262893677,6
32.25070524215698,6
32.256242513656616,6
32.262136697769165,6
32.26825284957886,6
32.27386927604675,6
32.279799938201904,6
32.28910756111145,6
32.29744005203247,6
32.30813789367676,6
32.314168214797974,6
32.32512664794922,6
32.33158040046692,6
32.3380970954895,6
32.34401178359985,6
32.35072207450867,6
32.35671401023865,6
32.3629252910614,6
32.37345552444458,6
32.3800482749939,6
32.3902223110199,6
32.39768075942993,6
32.408164262771606,6
32.414340019226074,6
32.422059297561646,6
32.427467584609985,6
32.43403911590576,6
32.43963408470154,6
32.44502282142639,6
32.45651888847351,6
32.46256494522095,6
32.47309112548828,6
32.47938346862793,6
32.490442991256714,6
32.497403144836426,6
32.50418210029602,6
32.509639263153076,6
32.51542687416077,6
32.52310752868652,6
32.52872061729431,6
32.54117012023926,6
32.54837489128113,6
32.557982444763184,6
32.563865184783936,6
32.57006883621216,6
32.576375007629395,6
32.58510899543762,6
32.59231972694397,6
32.60259461402893,6
32.6113920211792,6
32.62174367904663,6
32.627315282821655,6
32.63578748703003,6
32.644471406936646,6
32.6507408618927,6
32.656415700912476,6
32.66195297241211,6
32.66822648048401,6
32.67435693740845,7
32.68268847465515,7
32.69147992134094,7
32.69854211807251,7
32.7105872631073,7
32.72154998779297,7
32.72935128211975,7
32.73618125915527,7
32.74241828918457,7
32.75302815437317,7
32.76132917404175,7
32.76830840110779,7
32.77483344078064,7
32.782214879989624,7
32.79178977012634,7
32.801358222961426,7
32.81491041183472,7
32.82804560661316,8
32.83836030960083,8
32.844468116760254,8
32.856292724609375,8
32.864562034606934,8
32.87446212768555,8
32.8816192150116,8
32.89293432235718,8
32.90021300315857,8
32.908034801483154,8
32.91560649871826,8
32.92387294769287,8
32.932456731796265,8
32.94525861740112,8
32.95748257637024,8
32.964781284332275,8
32.97588562965393,8
32.983376026153564,8
32.98998713493347,8
32.998003244400024,8
33.00921559333801,8
33.02043533325195,8
33.02729344367981,8
33.03952932357788,9
33.04647779464722,9
33.0566086769104,9
33.063668727874756,9
33.07070875167847,9
33.07744288444519,9
33.08871865272522,9
33.095383167266846,9
33.10711717605591,9
33.11555290222168,9
33.12431216239929,9
33.13640379905701,9
33.14778161048889,9
33.155805826187134,9
33.16430950164795,9
33.178324937820435,9
33.19098377227783,9
33.2010018825531,9
33.210676193237305,9
33.21793031692505,9
33.225807666778564,9
33.235119581222534,9
33.24914884567261,9
33.26016187667847,9
33.270787715911865,9
33.277488231658936,9
33.289639711380005,9
33.29658341407776,9
33.30356574058533,9
33.31069087982178,9
33.31789302825928,9
33.32626128196716,9
33.33580565452576,9
33.34514331817627,9
33.355867862701416,9
33.36314368247986,9
33.37357950210571,9
33.380581855773926,9
33.387951135635376,9
33.394925117492676,9
33.40539503097534,9
33.41226005554199,9
33.425021171569824,9
33.43622040748596,9
33.4444899559021,8
33.45596647262573,8
33.46296501159668,8
33.472930669784546,8
33.479397773742676,8
33.48663854598999,8
33.49280309677124,8
33.500627517700195,8
33.51137948036194,8
33.51947355270386,8
33.52732491493225,8
33.539334535598755,8
33.54895544052124,8
33.56308197975159,8
33.572813749313354,8
33.581048011779785,8
33.58893179893494,8
33.5958514213562,8
33.606473207473755,8
33.614638328552246,8
33.625404596328735,8
33.63688278198242,8
33.646326303482056,8
33.65377688407898,8
33.66335964202881,8
33.67051577568054,8
33.67816209793091,8
33.69044041633606,8
33.697152614593506,8
33.70855164527893,8
33.71613621711731,8
33.72237515449524,8
33.728801250457764,8
33.74190044403076,8
33.7495653629303,8
33.760013818740845,8
33.772218227386475,8
33.77890467643738,8
33.78563594818115,8
33.791685581207275,8
33.80205798149109,8
33.81070566177368,8
33.82131814956665,8
33.82770800590515,8
33.84076476097107,8
33.85061693191528,8
33.85990500450134,8
33.86725115776062,8
33.87371635437012,8
33.883217096328735,8
33.8925359249115,8
33.902079343795776,8
33.912357807159424,8
33.92195963859558,8
33.92874526977539,8
33.94417142868042,8
33.957111120224,8
33.96764302253723,8
33.97667622566223,8
33.98410892486572,8
33.991026401519775,8
33.99941968917847,8
34.00889730453491,8
34.01886296272278,8
34.0278959274292,8
34.03673839569092,8
34.049683809280396,8
34.05976581573486,8
34.067291259765625,8
34.07366704940796,8
34.086299419403076,8
34.092548847198486,8
34.10081434249878,8
34.110339641571045,8
34.12285614013672,8
34.13061714172363,8
34.141725301742554,8
34.15240120887756,8
34.160778522491455,8
34.17192888259888,8
34.17932343482971,8
34.18991708755493,8
34.19715452194214,8
34.20758891105652,8
34.217217683792114,8
34.226478815078735,8
34.23404288291931,8
34.24047899246216,8
34.24982738494873,8
34.26103329658508,8
34.268306493759155,8
34.27511215209961,8
34.28504419326782,8
34.29259777069092,8
34.30156064033508,8
34.31070613861084,8
34.323888301849365,8
34.33068251609802,8
34.33807873725891,8
34.344361543655396,8
34.35839629173279,8
34.36484885215759,8
34.37233591079712,8
34.37954664230347,8
34.38994383811951,8
34.39920234680176,8
34.40835785865784,8
34.4177405834198,8
34.427468061447144,8
34.43882203102112,8
34.44539785385132,8
34.45656633377075,8
34.463096618652344,8
34.46994996070862,8
34.47609543800354,8
34.48613429069519,8
34.49243354797363,8
34.50462579727173,8
34.51109027862549,8
34.5236120223999,8
34.530328035354614,8
34.53801131248474,8
34.54432511329651,8
34.55228018760681,8
34.56097865104675,8
34.57393550872803,8
34.582823753356934,8
34.59425449371338,8
34.60657238960266,8
34.61318516731262,8
34.61987638473511,8
34.62598705291748,8
34.63292837142944,8
34.63945174217224,8
34.645360708236694,8
34.65779781341553,8
34.666414737701416,8
34.675313234329224,8
34.68618679046631,8
34.69350051879883,8
34.70034217834473,8
34.70659637451172,8
34.7145254611969,8
34.72621273994446,8
34.733389377593994,8
34.73935008049011,8
34.74575328826904,7
34.752458810806274,7
34.75870752334595,7
34.76828479766846,7
34.777183532714844,7
34.78879523277283,7
34.79525589942932,7
34.807077169418335,7
34.813660621643066,7
34.82061719894409,7
34.82698440551758,7
34.834020137786865,7
34.84023714065552,7
34.84718441963196,6
34.85780954360962,6
34.865906953811646,6
34.87542724609375,6
34.88180446624756,6
34.88756847381592,6
34.89309120178223,6
34.90450406074524,6
34.910338401794434,6
34.919289350509644,6
34.92784357070923,6
34.93420720100403,6
34.93984341621399,6
34.94570994377136,6
34.95262575149536,6
34.95842671394348,6
34.96707487106323,6
34.97782039642334,6
34.98989987373352,6
34.99728846549988,6
35.00860905647278,6
35.01566791534424,6
35.02135396003723,6
35.02699875831604,6
35.033799171447754,6
35.03974723815918,6
35.047733783721924,6
35.057560205459595,6
35.063533782958984,6
35.07575249671936,6
35.08538603782654,6
35.092450857162476,6
35.09857106208801,6
35.10470104217529,6
35.11010980606079,6
35.12238144874573,6
35.12901067733765,6
35.13507914543152,6
35.141700983047485,6
35.14752507209778,6
35.15439963340759,6
35.15991806983948,6
35.17135453224182,6
35.17953896522522,6
35.18905520439148,6
35.19531869888306,6
35.20626711845398,6
35.21240019798279,6
35.2185595035553,6
35.224159955978394,6
35.23124957084656,6
35.24252438545227,6
35.249332904815674,6
35.254966497421265,6
35.260881423950195,6
35.26818108558655,6
35.274251222610474,6
35.28693103790283,6
35.292911529541016,6
35.30443024635315,6
35.31117844581604,7
35.3230185508728,7
35.32938194274902,7
35.335938692092896,7
35.343472480773926,7
35.35071587562561,7
35.356624364852905,7
35.36440181732178,7
35.375306844711304,7
35.38525438308716,7
35.394622564315796,7
35.40209889411926,7
35.408074378967285,7
35.418538093566895,7
35.42576456069946,7
35.43713307380676,7
35.44326305389404,7
35.45396614074707,7
35.45984220504761,7
35.46636962890625,7
35.472177028656006,7
35.47861456871033,7
35.489744901657104,7
35.49610733985901,7
35.5066020488739,7
35.51290988922119,7
35.51948666572571,7
35.5253050327301,7
35.535144090652466,7
35.54401516914368,7
35.55527353286743,7
35.561519145965576,7
35.571813344955444,7
35.57822632789612,7
35.58794140815735,7
35.594040870666504,7
35.6065411567688,7
35.615275382995605,7
35.625622034072876,7
35.632768392562866,7
35.64436602592468,7
35.65187048912048,7
35.65841341018677,7
35.66569495201111,7
35.67253279685974,7
35.67929124832153,7
35.691253900527954,7
35.69944882392883,7
35.70815110206604,7
35.718234062194824,7
35.7268590927124,7
35.734042167663574,7
35.73992133140564,7
35.745890617370605,7
35.752286195755005,7
35.75983285903931,7
35.76955032348633,7
35.78267812728882,7
35.79184150695801,7
35.803861141204834,7
35.81110119819641,7
35.819019079208374,7
35.824798583984375,7
35.83670949935913,7
35.84426808357239,7
35.85083246231079,7
35.856849908828735,7
35.862772941589355,7
35.86908316612244,7
35.874940156936646,7
35.885815143585205,7
35.89437532424927,7
35.905349254608154,7
35.912424087524414,7
35.92405319213867,7
35.930461406707764,7
35.93712568283081,7
35.94300937652588,7
35.9551739692688,7
35.961487770080566,7
35.97195386886597,7
35.97910928726196,7
35.99004006385803,7
36.00345492362976,7
36.01200604438782,7
36.02040719985962,7
36.02697038650513,7
36.03540325164795,7
36.04156184196472,7
36.05232548713684,7
36.06094193458557,7
36.07151460647583,7
36.077425956726074,7
36.083951234817505,7
36.089874029159546,7
36.09624171257019,7
36.10709595680237,7
36.11457180976868,7
36.12117028236389,7
36.128095626831055,7
36.13974094390869,7
36.14961314201355,7
36.15888476371765,7
36.16796803474426,7
36.17730498313904,7
36.188090085983276,7
36.19711685180664,7
36.20900368690491,7
36.21815896034241,6
36.22361469268799,6
36.22926998138428,6
36.2354941368103,6
36.242425203323364,6
36.25178289413452,6
36.2606725692749,6
36.27047872543335,6
36.27868938446045,6
36.29012870788574,6
36.296042919158936,6
36.30397939682007,6
36.311074018478394,6
36.31713032722473,6
36.322721004486084,6
36.32849860191345,6
36.33892488479614,6
36.3453414440155,6
36.35552430152893,6
36.3612756729126,6
36.371482610702515,6
36.37720274925232,6
36.38344407081604,6
36.38892221450806,6
36.39459848403931,6
36.40548515319824,6
36.412214279174805,6
36.42439413070679,6
36.43026518821716,6
36.43772006034851,6
36.4433228969574,6
36.45342826843262,6
36.462992906570435,6
36.472327709198,6
36.47810077667236,6
36.48834419250488,6
36.494348764419556,6
36.50169610977173,6
36.51158618927002,6
36.518568992614746,6
36.524516344070435,6
36.53388595581055,6
36.54355764389038,6
36.55516004562378,6
36.561118364334106,6
36.57191038131714,6
36.578003883361816,6
36.58491396903992,6
36.59060478210449,6
36.59784960746765,6
36.607120752334595,6
36.61714005470276,6
36.62568140029907,6
36.6316032409668,6
36.638293981552124,6
36.64418053627014,6
36.65559005737305,6
36.66156768798828,6
36.670902729034424,6
36.67670798301697,6
36.68930244445801,6
36.69535255432129,6
36.70138621330261,6
36.70692157745361,6
36.715134382247925,6
36.72075343132019,6
36.726377964019775,6
36.73861861228943,6
36.74493646621704,6
36.75218367576599,6
36.76168155670166,6
36.77075004577637,6
36.7774703502655,6
36.78708481788635,6
36.79297494888306,6
36.800052881240845,6
36.8065619468689,6
36.81530022621155,6
36.82822036743164,6
36.83929777145386,6
36.845762729644775,6
36.8561429977417,6
36.864038944244385,6
36.875126361846924,6
36.882694482803345,6
36.892213582992554,6
36.898529291152954,6
36.9040846824646,6
36.90955877304077,6
36.91775894165039,6
36.923301458358765,6
36.930739402770996,6
36.94084930419922,6
36.94953632354736,6
36.95755982398987,6
36.96567893028259,5
36.97322964668274,5
36.9787437915802,5
36.984500885009766,5
36.9897894859314,5
36.99525165557861,5
37.00458645820618,5
37.01029324531555,5
37.02240490913391,5
37.03240370750427,6
37.042447328567505,6
37.04903316497803,6
37.05457878112793,6
37.06017470359802,6
37.0695743560791,6
37.07531189918518,6
37.08112359046936,6
37.0872163772583,6
37.09275484085083,6
37.10094118118286,6
37.10952615737915,6
37.12089419364929,6
37.12741994857788,6
37.13689589500427,6
37.14297699928284,6
37.153306007385254,6
37.15951919555664,6
37.170958280563354,6
37.176743507385254,6
37.18678069114685,6
37.19231057167053,6
37.19988560676575,6
37.20846366882324,6
37.219825983047485,6
37.22657322883606,6
37.232879400253296,6
37.238365650177,6
37.244012117385864,6
37.25525379180908,6
37.26139688491821,6
37.26732683181763,6
37.27309250831604,6
37.2791645526886,6
37.28821086883545,6
37.29408240318298,6
37.30439639091492,6
37.3114058971405,6
37.32098317146301,6
37.327346086502075,6
37.33737277984619,6
37.3435435295105,6
37.350751876831055,6
37.35620307922363,6
37.366833448410034,6
37.37665367126465,6
37.38598871231079,6
37.39178538322449,6
37.40083050727844,6
37.40793752670288,6
37.41829586029053,6
37.425333976745605,6
37.43562841415405,6
37.441450119018555,6
37.45110607147217,6
37.459508180618286,6
37.47036790847778,6
37.47629189491272,6
37.490057945251465,6
37.49662208557129,6
37.503520488739014,6
37.509695053100586,6
37.5208055973053,6
37.52644371986389,6
37.53469443321228,6
37.54061841964722,6
37.54895734786987,6
37.55758857727051,6
37.56385254859924,6
37.57012343406677,6
37.576329708099365,7
37.58636784553528,7
37.5928590297699,7
37.60350728034973,7
37.60982823371887,7
37.620768308639526,7
37.62711715698242,7
37.63416409492493,7
37.64034152030945,7
37.64865493774414,7
37.65805697441101,7
37.66462826728821,7
37.670764684677124,7
37.676332235336304,7
37.68710732460022,6
37.692880630493164,6
37.703344106674194,6
37.70910620689392,6
37.72029423713684,6
37.72633409500122,6
37.733200788497925,6
37.74030876159668,6
37.7467315196991,6
37.753079891204834,6
37.75867009162903,6
37.76963520050049,6
37.77520394325256,6
37.78641104698181,6
37.79204249382019,6
37.802096366882324,6
37.808024883270264,6
37.815122842788696,6
37.82033705711365,6
37.82552242279053,5
37.83415865898132,5
37.84355187416077,5
37.851181983947754,5
37.856526136398315,5
37.862080812454224,5
37.869385957717896,5
37.87471842765808,5
37.88158440589905,5
37.89073729515076,5
37.898029804229736,5
37.907307147979736,5
37.91499423980713,5
37.92306923866272,5
37.92881488800049,5
37.93466877937317,5
37.94063401222229,5
37.9483642578125,5
37.95407676696777,5
37.959320068359375,5
37.96890664100647,5
37.975438833236694,5
37.98557686805725,5
37.99138021469116,5
38.00283241271973,5
38.00909471511841,5
38.015684366226196,5
38.02086353302002,5
38.026018142700195,5
38.03704071044922,5
38.0442111492157,4
38.05072474479675,4
38.05567717552185,4
38.06094670295715,4
38.06658053398132,4
38.0715389251709,4
38.07664942741394,4
38.085625648498535,4
38.090797424316406,4
38.0981502532959,4
38.105228900909424,4
38.11071038246155,3
38.121851682662964,3
38.126646518707275,3
38.13208198547363,3
38.136744260787964,3
38.141249895095825,3
38.148876667022705,3
38.15368056297302,3
38.15835165977478,3
38.16738510131836,3
38.17369604110718,3
38.181437730789185,3
38.18912124633789,3
38.19451141357422,3
38.20288062095642,3
38.209343910217285,3
38.21550965309143,3
38.220107078552246,3
38.22460436820984,3
38.22960186004639,3
38.23498558998108,3
38.23952603340149,3
38.24419331550598,3
38.25424265861511,3
38.26217460632324,3
38.27061653137207,3
38.27535676956177,3
38.283061504364014,3
38.29064702987671,3
38.29550385475159,3
38.301010608673096,3
38.30564737319946,3
38.31057620048523,3
38.31635522842407,3
38.321016788482666,3
38.32585000991821,3
38.33366560935974,3
38.341203689575195,3
38.34973764419556,3
38.35871911048889,3
38.36730408668518,3
38.372119188308716,3
38.376887798309326,3
38.38639783859253,3
38.39138054847717,3
38.39887070655823,3
38.40657591819763,3
38.411803245544434,3
38.41751718521118,3
38.42246699333191,3
38.427568674087524,3
38.43320846557617,3
38.43804740905762,3
38.44302225112915,3
38.45090103149414,3
38.46180534362793,3
38.47109866142273,3
38.476165533065796,3
38.48236918449402,3
38.48715925216675,3
38.49182939529419,3
38.49997568130493,3
38.507683753967285,3
38.512574434280396,3
38.518574953079224,3
38.523120164871216,3
38.52831745147705,3
38.53853225708008,3
38.5436532497406,3
38.55405116081238,3
38.56201386451721,3
38.570210218429565,3
38.57511782646179,3
38.581605195999146,3
38.58663296699524,3
38.591182470321655,3
38.59824752807617,3
38.606261253356934,3
38.61234140396118,3
38.621267557144165,3
38.626402616500854,3
38.63697648048401,3
38.642321825027466,3
38.6509268283844,3
38.65575885772705,3
38.66084003448486,3
38.66727018356323,3
38.671916246414185,3
38.67667293548584,3
38.68530225753784,3
38.6900577545166,3
38.69620323181152,3
38.70459866523743,3
38.70931434631348,3
38.71784591674805,3
38.72383522987366,3
38.72884225845337,3
38.73425841331482,3
38.74216866493225,3
38.75120449066162,3
38.75938439369202,3
38.76760649681091,3
38.77535653114319,3
38.78336548805237,3
38.7893500328064,3
38.79475498199463,3
38.803948163986206,3
38.80891799926758,3
38.81434988975525,3
38.81896424293518,3
38.82360076904297,3
38.82946562767029,3
38.83737230300903,3
38.84208130836487,3
38.85109996795654,3
38.85653281211853,3
38.862473011016846,3
38.87134552001953,3
38.87614178657532,3
38.8853325843811,3
38.89016151428223,3
38.89560627937317,3
38.904987812042236,3
38.90985560417175,3
38.916725873947144,3
38.92137598991394,3
38.92604064941406,3
38.93470358848572,3
38.9424307346344,3
38.952404737472534,3
38.957260847091675,3
38.9623658657074,3
38.96768379211426,3
38.97381806373596,3
38.98169708251953,3
38.98806595802307,3
38.99258613586426,3
39.001288652420044,3
39.00644540786743,3
39.01310467720032,3
39.02175498008728,3
39.02637195587158,3
39.03656530380249,3
39.041583776474,3
39.04772615432739,3
39.05256628990173,3
39.05758857727051,3
39.066171646118164,3
39.071359395980835,3
39.077751874923706,3
39.086448431015015,3
39.091198205947876,3
39.09785771369934,3
39.10597372055054,3
39.11116600036621,3
39.11784791946411,3
39.12309002876282,3
39.12902283668518,3
39.138263463974,3
39.14320993423462,3
39.15320301055908,3
39.15838146209717,3
39.16751146316528,3
39.17261219024658,3
39.179349422454834,3
39.185113191604614,3
39.18986392021179,3
39.19536209106445,3
39.20408344268799,3
39.20935082435608,3
39.21788477897644,3
39.223625898361206,3
39.22920298576355,3
39.23453497886658,3
39.23893404006958,3
39.24507665634155,3
39.254767179489136,3
39.25963830947876,3
39.26966452598572,3
39.27490282058716,3
39.28505229949951,3
39.29090452194214,3
39.296700954437256,3
39.30289840698242,3
39.30751705169678,3
39.31296348571777,3
39.318516969680786,3
39.323004961013794,3
39.328556299209595,3
39.337488651275635,3
39.342512130737305,3
39.35158562660217,3
39.35819220542908,3
39.36665487289429,3
39.37236285209656,3
39.37761664390564,3
39.38499426841736,3
39.39008593559265,3
39.397799253463745,3
39.40467190742493,3
39.41090798377991,3
39.42209005355835,3
39.42726969718933,3
39.43588209152222,3
39.44053912162781,3
39.44738268852234,4
39.45531225204468,4
39.4608108997345,4
39.47054481506348,4
39.47600030899048,4
39.48451328277588,4
39.49374055862427,4
39.50120711326599,4
39.50611209869385,4
39.511008739471436,4
39.517624616622925,4
39.5225625038147,4
39.527684450149536,4
39.538102865219116,4
39.544225454330444,4
39.554309129714966,4
39.55960536003113,4
39.56923508644104,4
39.57472062110901,4
39.58194303512573,4
39.58810472488403,4
39.59379744529724,4
39.60400438308716,4
39.60953211784363,4
39.61940288543701,4
39.624465465545654,4
39.632241010665894,4
39.6399130821228,4
39.646196603775024,4
39.654240131378174,4
39.659090995788574,4
39.667659521102905,4
39.67257380485535,4
39.6783561706543,4
39.68828797340393,4
39.693490982055664,4
39.70232272148132,4
39.70733308792114,4
39.71467328071594,4
39.72213411331177,4
39.72728943824768,4
39.73278522491455,4
39.73771810531616,4
39.74276566505432,4
39.7484917640686,4
39.75351524353027,4
39.75850033760071,4
39.76861095428467,4
39.77372980117798,4
39.78115177154541,4
39.79214525222778,4
39.797988176345825,4
39.80319571495056,4
39.808837890625,4
39.819764614105225,4
39.82527709007263,4
39.835222244262695,4
39.840718030929565,4
39.848164558410645,4
39.855536222457886,4
39.861350536346436,4
39.86984038352966,4
39.87497520446777,4
39.88431191444397,4
39.89240837097168,4
39.89930820465088,4
39.90413451194763,4
39.90921401977539,4
39.91858148574829,4
39.923539876937866,4
39.930498361587524,4
39.939926624298096,4
39.946871519088745,4
39.955690145492554,4
39.9614679813385,4
39.971283197402954,4
39.9761118888855,4
39.98520088195801,4
39.99026393890381,4
39.9983434677124,4
40.0063693523407,4
40.011850118637085,4
40.0211865901947,4
40.02631092071533,4
40.03595280647278,4
40.040992975234985,4
40.05028295516968,4
40.05525183677673,4
40.0604202747345,4
40.06642985343933,4
40.07148313522339,4
40.07708239555359,4
40.08676743507385,4
40.091994762420654,4
40.09884548187256,4
40.103779315948486,4
40.10907053947449,4
40.116674184799194,4
40.12159991264343,4
40.12652850151062,4
40.13674068450928,4
40.14238619804382,4
40.153220653533936,4
40.160884618759155,4
40.170464754104614,4
40.17599606513977,4
40.18212699890137,4
40.187034368515015,4
40.19229173660278,4
40.199458360672,4
40.205617904663086,4
40.21242666244507,4
40.22151970863342,4
40.22706317901611,4
40.23673987388611,4
40.242106437683105,4
40.251256227493286,4
40.25629544258118,4
40.26135563850403,4
40.26687002182007,4
40.271862506866455,4
40.27745532989502,4
40.28599429130554,4
40.29109787940979,4
40.29976773262024,4
40.308751583099365,4
40.31398320198059,4
40.318705797195435,3
40.32314991950989,3
40.32870864868164,3
40.3372688293457,3
40.34229874610901,3
40.35070061683655,3
40.35685181617737,3
40.3628203868866,3
40.37161350250244,3
40.37745952606201,3
40.38380146026611,3
40.388734579086304,3
40.39440870285034,3
40.40172743797302,3
40.41080641746521,3
40.41582012176514,3
40.420976638793945,3
40.42540240287781,3
40.43057560920715,3
40.43511414527893,3
40.4396698474884,3
40.44580078125,3
40.453821897506714,3
40.45863223075867,3
40.46693968772888,3
40.47217297554016,3
40.478278398513794,3
40.48711967468262,3
40.49205017089844,3
40.497743129730225,3
40.50269103050232,3
40.50886869430542,3
40.51456618309021,3
40.51939511299133,3
40.52427625656128,3
40.5313196182251,3
40.54111289978027,3
40.55019021034241,3
40.55749249458313,3
40.56239461898804,3
40.56855249404907,3
40.57322955131531,3
40.57888865470886,3
40.587997913360596,3
40.59257435798645,3
40.602492332458496,3
40.608891248703,3
40.61437225341797,3
40.61913442611694,3
40.623778104782104,3
40.62875843048096,3
40.63414549827576,3
40.63876223564148,3
40.6444935798645,3
40.653093576431274,3
40.65794086456299,3
40.66658091545105,3
40.67188215255737,3
40.677276372909546,3
40.68657112121582,3
40.69143486022949,3
40.69682335853577,3
40.70152187347412,3
40.70615792274475,3
40.71235013008118,3
40.71778416633606,3
40.722325801849365,3
40.727874994277954,3
40.73670411109924,3
40.74169087409973,3
40.75202965736389,3
40.75663089752197,3
40.76508116722107,3
40.77067708969116,3
40.775397300720215,3
40.780940532684326,3
40.78634977340698,3
40.790886640548706,3
40.79581642150879,3
40.80119323730469,3
40.805943727493286,3
40.814074993133545,3
40.82246947288513,3
40.828545570373535,3
40.8377161026001,3
40.84237837791443,3
40.85153937339783,3
40.856565713882446,3
40.8617787361145,3
40.86767363548279,3
40.87273693084717,3
40.87916564941406,3
40.88801980018616,3
40.8930389881134,3
40.89856791496277,3
40.90328860282898,3
40.90793180465698,3
40.91428065299988,3
40.92333149909973,3
40.93297100067139,3
40.94150257110596,3
40.95088076591492,3
40.9569571018219,3
40.96595001220703,3
40.97186517715454,3
40.97676968574524,3
40.983940839767456,3
40.98913645744324,3
40.994181394577026,3
41.00039744377136,3
41.00551080703735,3
41.01074719429016,3
41.022085189819336,3
41.027944564819336,3
41.03727912902832,3
41.04212284088135,3
41.05067253112793,3
41.05549597740173,3
41.06048655509949,3
41.06553888320923,3
41.070167541503906,3
41.074548959732056,3
41.0822012424469,3
41.087438344955444,3
41.09222054481506,3
41.1020781993866,3
41.10700583457947,3
41.11456489562988,3
41.12478518486023,3
41.13015961647034,3
41.13523983955383,3
41.139859437942505,3
41.145877838134766,3
41.153531551361084,3
41.15813970565796,3
41.163835763931274,3
41.16848945617676,3
41.17327904701233,3
41.18056297302246,3
41.188870668411255,3
41.19481825828552,3
41.203381299972534,3
41.209465980529785,3
41.218501329422,3
41.22332406044006,3
41.23080253601074,3
41.239171504974365,3
41.2456259727478,3
41.253227949142456,3
41.25781989097595,3
41.26649188995361,3
41.271299839019775,3
41.27623152732849,3
41.28595447540283,3
41.290860414505005,3
41.296276330947876,3
41.301334857940674,3
41.30590844154358,3
41.31241297721863,3
41.32077360153198,3
41.32639837265015,3
41.335078954696655,3
41.33999800682068,3
41.35111618041992,3
41.35655689239502,3
41.3619065284729,3
41.367640018463135,3
41.3722403049469,3
41.37729787826538,3
41.387232065200806,3
41.39198184013367,3
41.401641607284546,3
41.407092332839966,3
41.41342234611511,3
41.42210817337036,3
41.42945051193237,3
41.43793725967407,3
41.44511389732361,3
41.45303559303284,3
41.458017349243164,3
41.463403940200806,3
41.47097969055176,3
41.47657775878906,3
41.485031604766846,3
41.49022650718689,3
41.49813485145569,3
41.50574803352356,3
41.51134705543518,3
41.52113175392151,3
41.526538610458374,3
41.53311538696289,3
41.53811860084534,3
41.543466567993164,3
41.549145221710205,3
41.554027795791626,3
41.558953046798706,3
41.56873893737793,3
41.573540925979614,3
41.57972812652588,3
41.590065240859985,3
41.596360206604004,3
41.6051504611969,3
41.6103310585022,3
41.61633539199829,3
41.62116074562073,3
41.62612462043762,3
41.63149333000183,3
41.63744783401489,3
41.64209985733032,3
41.65154027938843,3
41.65639138221741,3
41.66305661201477,3
41.671271085739136,3
41.67603659629822,3
41.68610954284668,3
41.69103813171387,3
41.6964807510376,3
41.7011833190918,3
41.705851316452026,3
41.71410894393921,3
41.721686363220215,3
41.72718000411987,3
41.73238277435303,3
41.73768997192383,3
41.742756843566895,3
41.748522996902466,3
41.75304126739502,3
41.75753116607666,3
41.76627492904663,3
41.77107214927673,3
41.777326345443726,3
41.786844968795776,3
41.79197430610657,3
41.80177664756775,3
41.806992292404175,3
41.81225275993347,3
41.81744384765625,3
41.82211780548096,3
41.82702589035034,3
41.83216953277588,3
41.838327407836914,3
41.84398174285889,3
41.852638721466064,3
41.85757374763489,3
41.866084814071655,3
41.870858669281006,3
41.87547254562378,3
41.885660886764526,3
41.890854835510254,3
41.89653301239014,3
41.90182566642761,3
41.90678787231445,3
41.91179919242859,3
41.91735482215881,3
41.922497034072876,3
41.92953085899353,3
41.93817138671875,3
41.943472385406494,3
41.95136618614197,3
41.956188440322876,3
41.96357750892639,3
41.970913887023926,3
41.97590398788452,3
41.981948137283325,3
41.98682498931885,3
41.99147868156433,3
41.997227907180786,3
42.00241255760193,3
42.00709509849548,3
42.014012813568115,3
42.02303981781006,3
42.02943778038025,2
42.03816866874695,2
42.04318618774414,2
42.05144762992859,2
42.05653691291809,2
42.062758922576904,2
42.06963229179382,2
42.07402014732361,2
42.08322215080261,2
42.08877468109131,2
42.093260049819946,2
42.09822392463684,2
42.102636098861694,2
42.10698056221008,2
42.11158347129822,2
42.1168372631073,2
42.12112331390381,2
42.12538552284241,2
42.13448166847229,2
42.14056730270386,2
42.14964723587036,2
42.1543755531311,2
42.15867376327515,2
42.16576910018921,2
42.17300224304199,2
42.177754402160645,2
42.18296265602112,2
42.18730902671814,2
42.19161009788513,2
42.200069189071655,2
42.20647835731506,2
42.21136832237244,2
42.21686267852783,2
42.221240282058716,2
42.225627422332764,2
42.23488235473633,2
42.23941707611084,2
42.24770259857178,2
42.2572717666626,2
42.26757621765137,2
42.27224636077881,2
42.276827335357666,2
42.282676219940186,2
42.28697967529297,2
42.29127502441406,2
42.298349142074585,2
42.30502963066101,2
42.31018424034119,2
42.31899857521057,2
42.32360029220581,2
42.32829284667969,2
42.33339595794678,2
42.33796739578247,2
42.3425567150116,2
42.34881615638733,2
42.353275775909424,2
42.35784196853638,2
42.366098165512085,2
42.37048578262329,2
42.37495803833008,2
42.38223314285278,2
42.39012384414673,2
42.3966920375824,2
42.40602493286133,2
42.41154718399048,2
42.417924880981445,2
42.42261052131653,2
42.429911851882935,2
42.43841361999512,2
42.443915367126465,2
42.45174503326416,2
42.458181619644165,2
42.46753978729248,2
42.47223091125488,2
42.47734570503235,2
42.48319339752197,2
42.487494230270386,2
42.491838693618774,2
42.5006422996521,2
42.505465507507324,2
42.51061964035034,2
42.51886487007141,2
42.523438692092896,2
42.53124666213989,2
42.53649950027466,2
42.540733098983765,2
42.54532814025879,2
42.5504629611969,2
42.555373668670654,2
42.565930128097534,2
42.57218909263611,2
42.576335430145264,2
42.58516812324524,1
42.58937335014343,1
42.59370708465576,1
42.59821557998657,1
42.60214281082153,1
42.60613393783569,1
42.61194372177124,1
42.620206117630005,1
42.6245059967041,1
42.62930345535278,1
42.63354516029358,1
42.6374990940094,1
42.641536235809326,1
42.6508002281189,1
42.656585693359375,1
42.6621458530426,1
42.66953134536743,1
42.673985958099365,1
42.67927002906799,1
42.686888694763184,1
42.691065073013306,1
42.69622015953064,1
42.70031499862671,1
42.70435428619385,1
42.708375453948975,1
42.71732044219971,1
42.72320103645325,1
42.7277045249939,1
42.73227787017822,1
42.7362425327301,1
42.74031925201416,1
42.744797468185425,1
42.749597787857056,1
42.75356698036194,1
42.758442640304565,1
42.7662513256073,1
42.77056860923767,1
42.774669885635376,1
42.78307843208313,1
42.78892755508423,1
42.793917655944824,1
42.80300855636597,1
42.807636737823486,1
42.81268286705017,1
42.8171067237854,1
42.8224356174469,1
42.828489780426025,1
42.837074756622314,1
42.840996503829956,1
42.84760284423828,1
42.85371661186218,1
42.8577139377594,1
42.86775040626526,1
42.872414350509644,1
42.87678265571594,1
42.883166790008545,1
42.88745307922363,1
42.89191269874573,1
42.9004693031311,1
42.90572762489319,1
42.910380125045776,1
42.91845750808716,1
42.92264461517334,1
42.92723894119263,1
42.93474841117859,1
42.93875503540039,1
42.94351124763489,1
42.95074653625488,1
42.95570945739746,1
42.96204996109009,1
42.966787576675415,1
42.97072243690491,1
42.97473955154419,1
42.98403477668762,1
42.98860216140747,1
42.99334716796875,1
43.00117874145508,1
43.00657105445862,1
43.01090216636658,1
43.01560425758362,1
43.0197868347168,1
43.02383542060852,1
43.02824521064758,1
43.03302502632141,1
43.036946296691895,1
43.040945529937744,1
43.04728436470032,1
43.05463671684265,2
43.05898475646973,2
43.06981658935547,2
43.0742130279541,2
43.08148145675659,2
43.088202714920044,2
43.0929491519928,2
43.098352909088135,2
43.10290765762329,2
43.10753345489502,2
43.11479997634888,2
43.120091676712036,2
43.124223947525024,2
43.13205337524414,2
43.13884782791138,2
43.1441764831543,2
43.15198493003845,2
43.15612602233887,2
43.16119909286499,2
43.170660734176636,2
43.17530632019043,2
43.180312633514404,2
43.184654712677,2
43.188952922821045,2
43.193660497665405,2
43.19862484931946,2
43.2030770778656,2
43.207483768463135,2
43.214903593063354,2
43.22210907936096,2
43.227357149124146,2
43.235833168029785,2
43.24047231674194,2
43.24728965759277,2
43.252931118011475,2
43.25715923309326,2
43.2653534412384,2
43.26998782157898,2
43.27540612220764,2
43.28446912765503,2
43.28897762298584,2
43.29412531852722,2
43.30201435089111,2
43.30618476867676,2
43.31236672401428,2
43.319369077682495,2
43.323633432388306,2
43.330405950546265,2
43.33750653266907,2
43.342272996902466,2
43.34718346595764,2
43.35162830352783,2
43.355788707733154,2
43.36162352561951,2
43.37018299102783,2
43.37593626976013,2
43.38244271278381,2
43.38797163963318,2
43.39436650276184,2
43.402761459350586,2
43.40756869316101,2
43.41284656524658,2
43.417340993881226,2
43.42189574241638,2
43.42659521102905,2
43.431750774383545,2
43.43611764907837,2
43.44027376174927,2
43.44905734062195,2
43.455955505371094,2
43.461777448654175,2
43.46992206573486,2
43.477874994277954,2
43.486939907073975,2
43.49122428894043,2
43.49646806716919,2
43.50152325630188,2
43.506070137023926,2
43.510743141174316,2
43.51582169532776,2
43.52008295059204,2
43.524200439453125,2
43.531877756118774,2
43.53843283653259,2
43.54314851760864,2
43.55117726325989,2
43.55559158325195,2
43.56061601638794,2
43.56920027732849,2
43.57410526275635,2
43.5809223651886,2
43.585431814193726,2
43.58975172042847,2
43.59662890434265,2
43.603797912597656,2
43.60853290557861,2
43.61378026008606,2
43.61819863319397,2
43.623045682907104,2
43.62775206565857,2
43.63268256187439,2
43.63695049285889,2
43.64129114151001,2
43.651315689086914,2
43.6557674407959,2
43.66174554824829,2
43.6693971157074,2
43.67400407791138,2
43.67970156669617,2
43.68476104736328,2
43.68908095359802,2
43.69527006149292,2
43.70343542098999,2
43.7082154750824,2
43.717644453048706,2
43.72253179550171,2
43.72838616371155,2
43.73643493652344,2
43.74178147315979,2
43.749920129776,2
43.75442051887512,2
43.75925540924072,2
43.769245862960815,2
43.77430057525635,2
43.78067445755005,2
43.7866747379303,2
43.79120182991028,2
43.79623055458069,2
43.80180478096008,2
43.80660343170166,2
43.814454078674316,2
43.82193088531494,2
43.82697606086731,2
43.83545422554016,2
43.83965706825256,2
43.845120429992676,2
43.853034019470215,2
43.85735297203064,2
43.86273670196533,2
43.868388175964355,2
43.873183250427246,2
43.88216233253479,2
43.88776993751526,2
43.892112731933594,2
43.903311252593994,2
43.90763258934021,2
43.91848802566528,2
43.924132347106934,2
43.929359674453735,2
43.934136390686035,2
43.938820600509644,2
43.94586801528931,2
43.95244860649109,2
43.956554889678955,2
43.96108555793762,2
43.96592092514038,2
43.9702250957489,2
43.974534034729004,2
43.9826819896698,2
43.989367723464966,2
43.99544548988342,2
44.00337362289429,2
44.00805473327637,2
44.01640272140503,2
44.02122116088867,2
44.02594351768494,2
44.03132629394531,2
44.0356764793396,2
44.03996658325195,2
44.04606533050537,2
44.053855657577515,2
44.05822277069092,2
44.066381216049194,2
44.07085299491882,2
44.07567739486694,2
44.08412551879883,2
44.08906388282776,2
44.09585356712341,2
44.104039669036865,2
44.10882329940796,2
44.11759853363037,2
44.12323784828186,2
44.12863111495972,2
44.13377332687378,2
44.13823390007019,2
44.14320993423462,2
44.15121936798096,2
44.155632972717285,2
44.16158366203308,2
44.17262005805969,2
44.179014921188354,2
44.18440318107605,2
44.1886887550354,2
44.19659876823425,2
44.20258569717407,2
44.20710206031799,2
44.215569496154785,2
44.22048306465149,2
44.22504639625549,2
44.233951807022095,2
44.238499879837036,2
44.243021965026855,2
44.248002767562866,2
44.25230312347412,2
44.25671410560608,2
44.26443958282471,2
44.26913905143738,2
44.273356199264526,2
44.28196048736572,2
44.28657126426697,2
44.29127240180969,2
44.30148220062256,2
44.30596971511841,2
44.31225299835205,2
44.31904935836792,2
44.32339787483215,2
44.331905126571655,2
44.33648467063904,2
44.34092092514038,2
44.34959959983826,2
44.35425114631653,2
44.359150648117065,2
44.36804175376892,2
44.37279152870178,2
44.37746858596802,2
44.38265085220337,2
44.38713026046753,2
44.391748666763306,2
44.39764714241028,2
44.40208959579468,2
44.406333923339844,2
44.41251182556152,2
44.42056894302368,2
44.425177812576294,2
44.43402409553528,2
44.43848490715027,2
44.44267416000366,2
44.44775104522705,1
44.45191216468811,1
44.45582365989685,1
44.4610652923584,1
44.46844172477722,1
44.47244739532471,1
44.478060722351074,1
44.48680663108826,1
44.49090814590454,1
44.4991409778595,1
44.505571126937866,1
44.50983142852783,1
44.51522445678711,1
44.5196967124939,1
44.523521900177,1
44.529900550842285,1
44.5377311706543,1
44.54214334487915,1
44.55013132095337,1
44.55433392524719,1
44.558273792266846,1
44.566364765167236,1
44.571067094802856,1
44.575522899627686,1
44.580106019973755,1
44.584264278411865,1
44.588337421417236,1
44.593666076660156,1
44.600849628448486,1
44.6053204536438,1
44.61000370979309,1
44.6147620677948,1
44.61880946159363,1
44.62274098396301,1
44.6270706653595,1
44.63164663314819,1
44.63555598258972,1
44.63938522338867,1
44.64488172531128,1
44.65220069885254,1
44.656513690948486,1
44.66280126571655,1
44.66913914680481,1
44.673152923583984,1
44.678879737854004,1
44.68625092506409,1
44.69024181365967,1
44.69440960884094,1
44.69909644126892,1
44.70290780067444,1
44.70779800415039,1
44.71246266365051,1
44.71648645401001,1
44.7208251953125,1
44.725297689437866,1
44.73477482795715,1
44.73948884010315,1
44.74685978889465,1
44.75222206115723,1
44.75637364387512,1
44.76434826850891,1
44.76994466781616,1
44.77670216560364,1
44.7845823764801,1
44.791754961013794,1
44.801772117614746,1
44.80619239807129,1
44.81230926513672,1
44.81747889518738,1
44.82150435447693,1
44.82582449913025,1
44.83116364479065,1
44.83527398109436,1
44.83916687965393,1
44.84527921676636,1
44.852429151535034,1
44.856529235839844,1
44.864208698272705,1
44.8737370967865,1
44.87970852851868,1
44.883628368377686,1
44.887426137924194,1
44.89118933677673,1
44.89521026611328,1
44.89901328086853,1
44.90278100967407,1
44.9069242477417,1
44.911689043045044,1
44.91571259498596,1
44.91949152946472,1
44.923280477523804,1
44.927008628845215,1
44.930697441101074,1
44.93442225456238,1
44.938087940216064,1
44.94214177131653,1
44.94586443901062,1
44.94956183433533,1
44.954375982284546,1
44.95863485336304,1
44.96278238296509,1
44.96666431427002,1
44.970454692840576,1
44.97428894042969,1
44.97820591926575,1
44.98208165168762,1
44.986039876937866,1
44.99261546134949,1
45.00062799453735,1
45.00790548324585,1
45.015979051589966,1
45.02031493186951,1
45.02443528175354,1
45.02928638458252,1
45.03542685508728,1
45.039406061172485,1
45.04521179199219,1
45.05390977859497,1
45.05826950073242,1
45.06735324859619,1
45.07181692123413,1
45.07625198364258,1
45.08115291595459,1
45.08545255661011,1
45.089519739151,1
45.09703874588013,1
45.102540493011475,1
45.10711121559143,1
45.11269760131836,1
45.118525981903076,1
45.122639656066895,1
45.129497051239014,1
45.13700246810913,1
45.14183211326599,1
45.14763331413269,1
45.15198540687561,1
45.15606999397278,1
45.16520047187805,1
45.16974425315857,1
45.17408084869385,1
45.18205547332764,1
45.18708062171936,1
45.191144943237305,1
45.199896574020386,1
45.20413112640381,1
45.20848727226257,1
45.213276624679565,1
45.21796131134033,1
45.22200298309326,1
45.226476430892944,1
45.231167793273926,1
45.23519825935364,1
45.23951721191406,1
45.24632430076599,1
45.2532274723053,1
45.25753903388977,1
45.26557922363281,1
45.26957082748413,1
45.27373480796814,1
45.2780704498291,1
45.28238773345947,1
45.286510944366455,1
45.290427684783936,1
45.298890829086304,1
45.30317950248718,1
45.30722904205322,1
45.315043449401855,1
45.32235908508301,1
45.32864499092102,1
45.33578395843506,1
45.339842796325684,1
45.34473943710327,1
45.34943628311157,1
45.35338020324707,1
45.3573853969574,1
45.36573266983032,1
45.37035775184631,1
45.37454009056091,1
45.38253164291382,1
45.38879680633545,1
45.39476299285889,1
45.40401768684387,1
45.408714056015015,1
45.414852142333984,1
45.41926455497742,1
45.42690658569336,1
45.43549346923828,1
45.43960165977478,1
45.44792103767395,1
45.45250368118286,1
45.45689868927002,1
45.464024782180786,1
45.46912741661072,1
45.47299766540527,1
45.47896862030029,1
45.485477685928345,1
45.48943614959717,1
45.49373722076416,1
45.49835252761841,1
45.50243949890137,1
45.506470918655396,1
45.51361036300659,1
45.51870083808899,1
45.522918701171875,1
45.53123378753662,1
45.53692317008972,1
45.541083097457886,1
45.5464141368866,1
45.55053758621216,1
45.55456233024597,1
45.55902981758118,1
45.56651020050049,1
45.570847272872925,1
45.57497477531433,1
45.58319973945618,1
45.58814883232117,1
45.593071937561035,1
45.60149669647217,1
45.60613703727722,1
45.61445450782776,1
45.619070529937744,1
45.62355852127075,1
45.63312363624573,1
45.63742184638977,1
45.64195227622986,1
45.64947247505188,1
45.65378427505493,1
45.65790939331055,1
45.66594982147217,1
45.67012929916382,1
45.67436695098877,1
45.68281126022339,1
45.68692326545715,1
45.691077709198,1
45.6989471912384,1
45.703142166137695,1
45.70695757865906,1
45.71488285064697,1
45.72041320800781,1
45.72438836097717,1
45.73061227798462,1
45.735710859298706,1
45.73968577384949,1
45.74447751045227,1
45.74911093711853,1
45.75299787521362,1
45.75704383850098,1
45.76469612121582,1
45.76922369003296,1
45.773502826690674,1
45.78085947036743,1
45.78669238090515,1
45.79211091995239,1
45.79703950881958,1
45.80612301826477,1
45.81114983558655,1
45.81714653968811,1
45.821189880371094,1
45.825661420822144,1
45.83129596710205,1
45.83673048019409,1
45.8411226272583,1
45.84993052482605,1
45.85514211654663,1
45.86090850830078,1
45.86824941635132,1
45.87234950065613,1
45.87839937210083,1
45.88500785827637,1
45.88915252685547,1
45.89337968826294,1
45.898953437805176,1
45.90328359603882,1
45.90737271308899,1
45.916417598724365,1
45.924492597579956,1
45.93167543411255,1
45.93812608718872,1
45.943530559539795,1
45.95167112350464,1
45.95555830001831,1
45.95971083641052,1
45.96434020996094,1
45.9684042930603,1
45.97221350669861,1
45.97733759880066,1
45.98474144935608,1
45.98877835273743,1
45.994608879089355,1
46.00155806541443,1
46.00553035736084,1
46.010733127593994,1
46.018582820892334,1
46.022669553756714,1
46.028539180755615,1
46.035420656204224,1
46.04021334648132,1
46.047147274017334,1
46.05231070518494,1
46.05616617202759,1
46.06064057350159,1
46.0653612613678,1
46.069305658340454,1
46.07339262962341,1
46.08152890205383,1
46.085888147354126,1
46.09024238586426,1
46.097622871398926,1
46.1028778553009,1
46.10729384422302,1
46.11490869522095,1
46.12033700942993,1
46.124247312545776,1
46.13196849822998,1
46.136170864105225,1
46.14126396179199,1
46.14893889427185,1
46.15319633483887,1
46.15703630447388,1
46.16155433654785,1
46.16578912734985,1
46.169782876968384,1
46.17385125160217,1
46.18266677856445,1
46.18686652183533,1
46.191951513290405,1
46.20029354095459,1
46.20455574989319,1
46.209495067596436,1
46.2171733379364,1
46.221426486968994,1
46.225738525390625,1
46.23105788230896,1
46.23519539833069,1
46.239168643951416,1
46.24685096740723,1
46.25360369682312,1
46.25788855552673,1
46.266573429107666,1
46.270782709121704,1
46.27582597732544,1
46.28460359573364,1
46.28910279273987,1
46.29458570480347,1
46.30203652381897,1
46.30885291099548,1
46.31556940078735,1
46.31957006454468,1
46.323434829711914,1
46.3324716091156,1
46.336501598358154,1
46.34046792984009,1
46.35070991516113,1
46.35530352592468,1
46.36115384101868,1
46.369054555892944,1
46.373356342315674,1
46.37792372703552,1
46.38226008415222,1
46.38653540611267,1
46.39128875732422,1
46.396296977996826,1
46.400662899017334,1
46.40470552444458,1
46.40915513038635,1
46.41817092895508,1
46.424232959747314,1
46.433998823165894,1
46.438472747802734,1
46.44343876838684,1
46.454127073287964,1
46.459238052368164,1
46.46824669837952,1
46.47297286987305,1
46.48222088813782,1
46.48685574531555,1
46.49127388000488,1
46.495880365371704,1
46.50100922584534,1
46.505693197250366,1
46.510207653045654,1
46.515100955963135,1
46.51922130584717,1
46.52321100234985,1
46.53006649017334,1
46.53699326515198,1
46.54208302497864,1
46.54977822303772,1
46.55521821975708,1
46.56266713142395,1
46.56988000869751,1
46.5746967792511,1
46.5797073841095,1
46.584466218948364,1
46.588900089263916,1
46.59730625152588,1
46.604578733444214,1
46.60924983024597,1
46.61450123786926,1
46.61887311935425,1
46.623372316360474,1
46.629010915756226,1
46.63316607475281,1
46.637319803237915,1
46.64214205741882,1
46.65036368370056,1
46.655630350112915,1
46.661335468292236,1
46.66835808753967,1
46.67267107963562,1
46.681793451309204,1
46.686193227767944,1
46.69036936759949,1
46.69744539260864,1
46.70176815986633,1
46.70613360404968,1
46.71561884880066,1
46.71993136405945,1
46.724037885665894,1
46.72895836830139,1
46.73304629325867,1
46.73725748062134,1
46.7416090965271,1
46.746535778045654,1
46.75075435638428,1
46.75478267669678,1
46.76045536994934,1
46.76821851730347,1
46.77206349372864,1
46.7779324054718,1
46.78463935852051,1
46.78867721557617,1
46.796149015426636,1
46.802754402160645,1
46.806851863861084,1
46.81185293197632,1
46.81584191322327,1
46.81988000869751,1
46.82419538497925,1
46.82998251914978,1
46.83401608467102,1
46.83812642097473,1
46.84356689453125,1
46.852121114730835,1
46.857531785964966,1
46.86594223976135,1
46.87267184257507,1
46.87880873680115,1
46.888243675231934,1
46.89245676994324,1
46.897582054138184,1
46.901577949523926,1
46.905439376831055,1
46.90979075431824,1
46.91503024101257,1
46.91905403137207,1
46.92289972305298,1
46.93040370941162,1
46.93619632720947,1
46.94055223464966,1
46.94843912124634,1
46.952624559402466,1
46.95672345161438,1
46.968053340911865,1
46.97908425331116,1
46.987812995910645,1
46.99616980552673,1
47.004852533340454,1
47.014127254486084,1
47.02553963661194,1
47.043177127838135,1
47.05126333236694,1
47.0552237033844,1
47.059792041778564,1
47.06478548049927,1
47.07006311416626,1
47.0752694606781,1
47.084468603134155,1
47.08848762512207,1
47.09467315673828,1
47.102213621139526,1
47.10629987716675,1
47.11471915245056,1
47.12064337730408,1
47.125162839889526,1
47.13000845909119,1
47.13421416282654,1
47.1385760307312,1
47.14408588409424,1
47.151379346847534,1
47.155434131622314,1
47.16224718093872,1
47.169596910476685,1
47.17450428009033,1
47.179431200027466,1
47.18350172042847,1
47.18744373321533,1
47.1917827129364,1
47.196916818618774,1
47.20102262496948,1
47.20484924316406,1
47.21177411079407,1
47.2226357460022,1
47.23441004753113,1
47.24433922767639,1
47.25071835517883,1
47.258387088775635,1
47.26880717277527,1
47.27417063713074,1
47.28218650817871,1
47.28624510765076,1
47.29043531417847,1
47.29858875274658,1
47.303072929382324,1
47.30706191062927,1
47.315321922302246,1
47.31955814361572,1
47.323643922805786,1
47.32832860946655,1
47.332274198532104,1
47.33607268333435,1
47.339909076690674,1
47.347747802734375,1
47.35195827484131,1
47.3561749458313,1
47.36245894432068,1
47.36830973625183,1
47.37215709686279,1
47.37776184082031,1
47.38216996192932,1
47.386080503463745,1
47.390079498291016,1
47.39479184150696,1
47.39884662628174,1
47.40269207954407,1
47.40670728683472,1
47.415316343307495,1
47.420719146728516,1
47.4254834651947,1
47.433096170425415,1
47.437286376953125,1
47.4418158531189,1
47.44804382324219,1
47.45239567756653,1
47.456400632858276,1
47.46180057525635,1
47.46733617782593,1
47.471473693847656,1
47.4769504070282,1
47.48646783828735,1
47.49095845222473,1
47.49962043762207,1
47.50386166572571,1
47.508141040802,1
47.515709400177,1
47.51985955238342,1
47.52416467666626,1
47.52890372276306,1
47.532986879348755,1
47.53709697723389,1
47.541359663009644,1
47.5463080406189,1
47.55055785179138,1
47.55444145202637,1
47.559436321258545,1
47.56688570976257,1
47.57100558280945,1
47.57616972923279,1
47.584864139556885,1
47.589062452316284,1
47.593332052230835,1
47.59828591346741,1
47.602283239364624,1
47.60613179206848,1
47.613152265548706,1
47.61845660209656,1
47.622668743133545,1
47.62939453125,1
47.63565135002136,1
47.63970708847046,1
47.64405059814453,1
47.648428440093994,1
47.65254044532776,1
47.656460762023926,1
47.66184329986572,1
47.66597509384155,1
47.6699001789093,1
47.67466688156128,1
47.68795323371887,1
47.697699546813965,1
47.70671319961548,1
47.72101044654846,1
47.72999453544617,1
47.73753547668457,1
47.74328422546387,1
47.75172185897827,1
47.760648012161255,1
47.76905179023743,1
47.77542471885681,1
47.786104917526245,1
47.79234743118286,1
47.80517911911011,1
47.81173300743103,1
47.81824088096619,1
47.82225680351257,1
47.8279173374176,1
47.83635926246643,1
47.8404061794281,1
47.84603261947632,1
47.85002684593201,1
47.854082345962524,1
47.858283042907715,1
47.864684104919434,1
47.86886692047119,1
47.872875690460205,1
47.88001799583435,1
47.88683557510376,1
47.89163947105408,1
47.901500940322876,1
47.90563344955444,1
47.913686990737915,1
47.920079469680786,1
47.9239559173584,1
47.929447174072266,1
47.934284925460815,1
47.938374042510986,1
47.94404697418213,1
47.95351481437683,1
47.96137046813965,1
47.97052001953125,1
47.9841787815094,1
47.994638442993164,1
48.00176978111267,1
48.01261615753174,1
48.02353596687317,1
48.0313720703125,1
48.03981041908264,1
48.051143407821655,1
48.05942106246948,1
48.066551208496094,0
